MIN=0	-90	-90	-90
MAX=113,137084989848	90	90	90
SCALE=113,137084989848	45	45	45
DEC=2	1	1	1
DEF="Tiempo" t / s	"Angulo" &a_A1 / °	"Angulo" &a_B1 / °	"Angulo" &a_A1 / °
0	-0,18	-0,9	0
0,057	-0,36	-0,54	0,18
0,113	-0,72	-0,18	0,36
0,17	-0,72	0,18	0,36
0,226	-0,54	0,36	0,36
0,279	-0,36	0,72	0,36
0,332	0	0,72	0,18
0,381	0,36	0,9	0
0,432	0,72	0,9	-0,18
0,485	1,08	0,9	-0,36
0,54	1,26	0,72	-0,36
0,593	1,26	0,36	-0,54
0,645	0,9	0,18	-0,36
0,699	0,54	-0,18	-0,36
0,758	0	-0,54	-0,18
0,814	-0,54	-0,9	0
0,87	-0,9	-1,08	0,18
0,926	-1,26	-1,26	0,18
0,983	-1,26	-1,26	0,36
1,037	-1,08	-1,26	0,36
1,092	-0,72	-1,26	0,18
1,149	-0,18	-1,08	0
1,205	0,18	-0,9	-0,18
1,261	0,54	-0,54	-0,36
1,316	0,72	-0,18	-0,36
1,373	0,9	0,18	-0,36
1,426	0,9	0,36	-0,36
1,478	0,72	0,72	-0,36
1,533	0,36	0,9	-0,18
1,587	0	0,9	0
1,634	-0,18	0,9	0,18
1,686	-0,36	0,9	0,36
1,738	-0,36	0,72	0,36
1,791	-0,36	0,36	0,36
1,849	-0,18	0	0,36
1,904	0	-0,18	0,36
1,957	0,36	-0,54	0,18
2,011	0,54	-0,9	-0,18
2,068	0,54	-1,08	-0,36
2,125	0,36	-1,26	-0,54
2,179	0,18	-1,44	-0,54
2,234	-0,18	-1,44	-0,54
2,294	-0,54	-1,26	-0,54
2,353	-0,72	-0,9	-0,36
2,413	-0,9	-0,72	-0,18
2,472	-0,9	-0,36	0,18
2,527	-0,54	0	0,36
2,579	-0,18	0,36	0,36
2,634	0,18	0,54	0,36
2,682	0,54	0,72	0,36
2,732	0,9	0,72	0,36
2,784	1,08	0,9	0,18
2,833	1,26	0,9	0
2,886	1,26	0,72	-0,18
2,938	0,9	0,54	-0,36
2,993	0,54	0,36	-0,36
3,045	0	0	-0,54
3,096	-0,36	-0,18	-0,54
3,156	-0,72	-0,54	-0,36
3,215	-0,9	-0,9	-0,18
3,274	-0,9	-1,08	0
3,333	-0,9	-1,26	0
3,389	-0,54	-1,26	0,18
3,444	-0,18	-1,26	0,18
3,5	0,18	-1,26	0,18
3,552	0,36	-0,9	0,18
3,603	0,54	-0,72	0,18
3,657	0,54	-0,36	0
3,71	0,54	0	-0,18
3,761	0,36	0,18	-0,18
3,812	0,18	0,54	-0,36
3,865	0	0,72	-0,36
3,918	-0,18	0,9	-0,36
3,975	-0,18	0,9	-0,18
4,031	-0,18	0,9	-0,18
4,087	0	0,72	0
4,135	0,18	0,54	0,18
4,184	0,36	0,18	0,18
4,235	0,54	0	0,36
4,284	0,54	-0,36	0,36
4,339	0,54	-0,72	0,18
4,393	0,54	-0,9	0,18
4,446	0,18	-1,08	0
4,497	-0,18	-1,26	-0,18
4,557	-0,54	-1,26	-0,36
4,616	-0,9	-1,26	-0,54
4,676	-0,9	-1,08	-0,54
4,734	-0,9	-0,9	-0,54
4,793	-0,72	-0,54	-0,36
4,852	-0,36	-0,36	-0,18
4,909	0	0	0
4,959	0,54	0,36	0,18
5,009	0,72	0,54	0,18
5,058	0,9	0,72	0,36
5,109	1,08	0,72	0,36
5,161	1,08	0,9	0,36
5,211	0,9	0,9	0,36
5,261	0,54	0,72	0,18
5,312	0,18	0,54	0
5,364	-0,18	0,36	-0,18
5,422	-0,54	0	-0,36
5,477	-0,72	-0,36	-0,36
5,535	-0,72	-0,72	-0,54
5,592	-0,72	-0,9	-0,36
5,652	-0,36	-1,26	-0,36
5,711	-0,18	-1,26	-0,18
5,77	0	-1,44	0
5,823	0,18	-1,26	0
5,875	0,36	-1,26	0,18
5,927	0,36	-0,9	0,18
5,981	0,18	-0,72	0,18
6,034	0	-0,36	0
6,087	-0,18	0	-0,18
6,142	-0,36	0,36	-0,36
6,2	-0,54	0,72	-0,36
6,259	-0,54	0,9	-0,54
6,315	-0,36	0,9	-0,54
6,374	-0,18	0,9	-0,54
6,432	0	1,08	-0,54
6,485	0	1,08	-0,54
6,539	0,18	1,44	-0,36
6,592	0,18	1,8	0
6,645	-0,18	2,34	0,18
6,7	-0,36	3,24	0,36
6,755	-0,36	4,14	0,54
6,809	-0,36	5,04	0,72
6,863	-0,18	5,94	0,72
6,917	0,18	6,66	0,54
6,968	0,54	7,38	0,54
7,019	0,72	7,92	0,54
7,07	0,9	8,46	0,54
7,122	1,08	8,82	0,54
7,172	1,08	9	0,54
7,224	0,9	9,18	0,72
7,273	0,9	9,36	0,72
7,327	0,72	9,36	0,72
7,375	0,72	9,36	0,72
7,426	0,9	9,36	0,72
7,478	1,08	9,36	0,72
7,531	1,26	9,36	0,72
7,58	1,26	9,36	0,72
7,635	1,26	9,36	0,9
7,687	1,44	9,36	0,9
7,74	1,26	9,36	0,9
7,789	1,26	9,36	1,08
7,841	1,26	9,18	1,08
7,891	1,26	9,18	1,08
7,944	1,44	9,18	1,08
7,998	1,62	9	1,08
8,05	1,98	9	1,08
8,101	2,34	9	1,26
8,153	2,7	9	1,26
8,205	2,88	9	1,26
8,258	3,24	9	1,44
8,311	3,42	9,18	1,44
8,358	3,42	9,18	1,44
8,41	3,42	9,18	1,44
8,461	3,42	9,36	1,62
8,513	3,24	9,36	1,62
8,564	3,24	9,36	1,62
8,616	3,42	9,36	1,62
8,668	3,42	9,36	1,62
8,721	3,6	9,36	1,62
8,77	3,78	9,18	1,44
8,821	3,78	9,18	1,44
8,873	3,78	9,18	1,44
8,925	3,78	9	1,44
8,976	3,6	8,82	1,44
9,029	3,42	8,64	1,62
9,078	3,06	8,64	1,62
9,128	2,88	8,46	1,62
9,179	2,88	8,46	1,44
9,23	2,88	8,46	1,44
9,28	2,88	8,46	1,26
9,333	3,06	8,46	1,26
9,384	3,06	8,46	1,26
9,435	3,06	8,64	1,26
9,485	3,06	8,64	1,44
9,534	2,88	8,46	1,44
9,585	2,52	8,46	1,44
9,639	2,34	8,28	1,44
9,692	1,98	8,28	1,44
9,744	1,8	8,1	1,44
9,797	1,62	8,1	1,44
9,849	1,44	8,1	1,44
9,9	1,44	8,1	1,44
9,951	1,44	8,28	1,44
10,004	1,44	8,46	1,44
10,055	1,62	8,46	1,44
10,107	1,62	8,46	1,44
10,159	1,62	8,64	1,44
10,209	1,44	8,64	1,44
10,261	1,44	8,46	1,44
10,314	1,44	8,46	1,44
10,366	1,62	8,46	1,44
10,418	1,62	8,1	1,44
10,47	1,8	7,38	1,62
10,526	1,8	6,12	1,44
10,578	1,8	4,32	1,08
10,629	1,62	2,16	0,72
10,682	1,44	0	0,18
10,731	0,9	-2,16	-0,54
10,787	0	-4,32	-1,08
10,843	-0,9	-6,48	-1,44
10,902	-1,8	-7,92	-1,62
10,96	-2,88	-8,64	-1,8
11,016	-3,6	-8,46	-1,44
11,074	-3,78	-7,56	-1,08
11,131	-3,78	-6,12	-0,36
11,191	-3,06	-3,96	0,18
11,247	-1,98	-1,62	0,72
11,303	-0,54	0,72	0,9
11,356	0,9	2,88	1,08
11,407	2,16	4,68	1,08
11,457	3,24	6,3	1,08
11,509	3,96	7,38	0,72
11,56	4,32	7,92	0,36
11,611	4,32	7,92	0,18
11,663	3,78	7,2	-0,18
11,717	2,7	6,12	-0,54
11,77	1,62	4,32	-0,54
11,823	0,36	2,34	-0,72
11,873	-0,72	0	-0,54
11,929	-1,8	-2,34	-0,36
11,986	-2,52	-4,68	-0,18
12,046	-2,88	-6,66	0
12,101	-2,88	-7,92	0,18
12,158	-2,52	-8,46	0,18
12,215	-2,16	-8,46	0
12,27	-1,62	-7,56	-0,18
12,327	-1,08	-6,12	-0,36
12,387	-0,72	-3,96	-0,54
12,446	-0,36	-1,44	-0,72
12,506	0	1,08	-0,72
12,559	0,36	3,24	-0,72
12,612	0,72	5,22	-0,54
12,666	1,08	6,84	0
12,717	1,62	7,74	0,18
12,766	1,98	7,92	0,54
12,818	2,52	7,74	0,9
12,869	2,88	7,02	1,08
12,921	2,88	5,58	1,26
12,971	2,88	3,78	1,08
13,023	2,34	1,8	0,9
13,074	1,62	-0,36	0,54
13,128	0,54	-2,7	0
13,179	-0,72	-4,68	-0,54
13,237	-1,98	-6,48	-1,08
13,297	-3,06	-7,92	-1,44
13,356	-3,96	-8,28	-1,62
13,413	-4,32	-8,1	-1,62
13,472	-3,96	-7,2	-1,26
13,534	-3,06	-5,4	-0,9
13,59	-1,98	-3,42	-0,36
13,651	-0,36	-0,9	0,36
13,706	1,08	1,26	0,72
13,758	2,16	3,42	1,08
13,809	3,06	5,22	1,26
13,859	3,6	6,48	1,26
13,91	3,78	7,38	1,08
13,963	3,6	7,74	0,9
14,014	3,06	7,56	0,54
14,064	2,34	6,84	0,18
14,117	1,44	5,4	-0,18
14,174	0,54	3,42	-0,54
14,229	-0,36	1,26	-0,9
14,284	-0,9	-1,08	-0,9
14,341	-1,44	-3,42	-0,9
14,401	-1,62	-5,76	-0,72
14,459	-1,8	-7,2	-0,36
14,518	-1,8	-8,28	-0,18
14,577	-1,8	-8,46	0
14,63	-1,8	-7,92	0
14,687	-1,8	-6,66	0,18
14,745	-1,62	-4,86	0
14,8	-1,44	-2,7	0
14,854	-1,08	-0,36	-0,18
14,912	-0,54	2,16	-0,36
14,969	0,18	4,14	-0,36
15,022	1,08	5,76	-0,36
15,075	1,8	7,02	-0,18
15,128	2,7	7,74	0
15,178	3,24	7,74	0,18
15,227	3,6	7,2	0,54
15,278	3,6	6,12	0,72
15,329	3,24	4,68	0,72
15,38	2,52	2,88	0,9
15,432	1,62	0,72	0,72
15,483	0,36	-1,26	0,54
15,536	-0,9	-3,6	0,18
15,592	-2,34	-5,58	-0,18
15,648	-3,24	-7,02	-0,54
15,706	-3,78	-7,92	-1,08
15,765	-3,96	-8,1	-1,26
15,825	-3,6	-7,56	-1,44
15,885	-2,7	-6,3	-1,26
15,943	-1,62	-4,5	-1,08
16,003	-0,18	-2,16	-0,54
16,062	0,9	0,18	-0,18
16,116	1,8	2,34	0,36
16,167	2,34	4,32	0,9
16,218	2,7	5,94	1,26
16,272	2,88	7,02	1,44
16,323	2,7	7,56	1,44
16,375	2,34	7,74	1,26
16,427	1,8	7,02	0,9
16,48	1,44	5,94	0,36
16,532	0,9	4,32	0
16,583	0,54	2,52	-0,54
16,636	0,18	0,18	-0,9
16,689	-0,18	-2,16	-1,08
16,747	-0,54	-4,32	-1,26
16,808	-0,9	-6,3	-1,08
16,868	-1,44	-7,74	-0,9
16,927	-1,98	-8,28	-0,54
16,984	-2,34	-8,1	-0,18
17,041	-2,7	-7,2	0,18
17,097	-2,7	-5,76	0,36
17,151	-2,34	-3,78	0,36
17,207	-1,8	-1,44	0,36
17,264	-0,9	0,72	0,36
17,317	0	2,88	0,18
17,366	1,08	4,5	0
17,417	2,16	6,12	-0,18
17,47	3,06	7,02	-0,18
17,525	3,6	7,56	-0,18
17,579	3,96	7,38	-0,18
17,635	3,78	6,66	0
17,688	3,24	5,4	0,18
17,741	2,34	3,6	0,36
17,796	1,08	1,44	0,36
17,846	-0,18	-0,72	0,54
17,902	-1,44	-2,88	0,36
17,957	-2,52	-4,86	0,18
18,011	-3,24	-6,66	0
18,069	-3,6	-7,74	-0,36
18,126	-3,42	-8,1	-0,72
18,185	-2,88	-7,92	-0,9
18,243	-2,16	-6,84	-1,08
18,303	-1,08	-5,04	-1,26
18,365	-0,18	-2,88	-1,08
18,425	0,54	-0,54	-0,72
18,483	1,08	1,8	-0,18
18,536	1,44	3,78	0,18
18,586	1,8	5,4	0,72
18,637	1,98	6,66	0,9
18,687	1,98	7,38	1,26
18,738	1,98	7,56	1,26
18,789	1,98	7,2	1,26
18,839	1,8	6,3	1,08
18,889	1,8	5,04	0,72
18,942	1,44	3,24	0,18
18,992	1,26	1,26	-0,18
19,045	0,72	-0,9	-0,72
19,1	0,18	-3,24	-1,08
19,156	-0,54	-5,22	-1,26
19,217	-1,44	-7,02	-1,26
19,276	-2,34	-7,92	-1,26
19,337	-3,06	-8,1	-0,9
19,396	-3,42	-7,56	-0,54
19,455	-3,24	-6,12	0
19,511	-2,88	-4,5	0,18
19,567	-1,98	-2,34	0,54
19,622	-0,9	-0,18	0,72
19,678	0,36	1,98	0,72
19,73	1,62	3,96	0,54
19,782	2,7	5,58	0,54
19,833	3,42	6,66	0,18
19,885	3,78	7,38	0
19,934	3,96	7,56	0
19,985	3,6	7,02	-0,18
20,039	2,88	6,12	-0,18
20,093	1,98	4,5	-0,18
20,147	0,9	2,7	-0,18
20,199	-0,18	0,54	0
20,252	-1,08	-1,62	0
20,306	-1,98	-3,78	0,18
20,361	-2,52	-5,58	0,18
20,418	-2,7	-7,02	0
20,473	-2,7	-7,92	-0,18
20,532	-2,34	-8,1	-0,36
20,589	-1,98	-7,56	-0,54
20,65	-1,44	-6,12	-0,72
20,709	-0,9	-4,32	-0,9
20,767	-0,54	-2,16	-0,9
20,825	0	0,18	-0,72
20,878	0,36	2,34	-0,36
20,93	0,72	4,32	-0,18
20,983	1,26	5,94	0,18
21,036	1,62	7,02	0,54
21,089	1,98	7,56	0,9
21,141	2,34	7,38	1,08
21,19	2,52	6,84	1,08
21,242	2,7	5,76	1,08
21,294	2,52	4,14	0,9
21,346	2,16	2,16	0,54
21,399	1,44	0,18	0,18
21,45	0,54	-1,98	-0,36
21,507	-0,54	-4,14	-0,9
21,567	-1,62	-6,12	-1,08
21,627	-2,7	-7,38	-1,26
21,685	-3,42	-7,92	-1,26
21,744	-3,78	-7,74	-1,08
21,804	-3,6	-6,84	-0,72
21,867	-2,88	-5,22	-0,36
21,925	-1,62	-3,06	0,18
21,984	-0,36	-0,9	0,54
22,042	0,9	1,26	0,72
22,094	1,98	3,24	0,9
22,146	2,7	5,04	0,9
22,197	3,24	6,3	0,72
22,249	3,42	7,2	0,54
22,299	3,24	7,38	0,36
22,351	2,88	7,2	0,18
22,404	2,16	6,3	-0,18
22,459	1,44	5,04	-0,36
22,515	0,54	2,88	-0,54
22,573	-0,18	0,72	-0,54
22,631	-0,9	-1,62	-0,36
22,691	-1,44	-3,96	-0,36
22,749	-1,62	-5,76	-0,18
22,808	-1,8	-7,2	0
22,864	-1,8	-7,92	0
22,922	-1,8	-7,92	0
22,979	-1,8	-7,2	-0,18
23,038	-1,8	-5,76	-0,36
23,098	-1,44	-3,78	-0,36
23,159	-1,08	-1,44	-0,54
23,218	-0,54	0,9	-0,54
23,276	0	3,06	-0,36
23,329	0,72	4,86	-0,18
23,383	1,62	6,3	0
23,436	2,34	7,2	0,36
23,489	2,88	7,38	0,54
23,539	3,24	7,2	0,72
23,589	3,24	6,48	0,9
23,64	3,06	5,04	0,9
23,695	2,52	3,42	0,9
23,747	1,62	1,44	0,54
23,799	0,72	-0,72	0,36
23,851	-0,54	-2,7	-0,18
23,909	-1,62	-4,86	-0,54
23,967	-2,7	-6,48	-0,9
24,024	-3,42	-7,38	-1,26
24,083	-3,6	-7,92	-1,26
24,14	-3,42	-7,56	-1,26
24,199	-2,88	-6,48	-1,08
24,257	-1,8	-4,86	-0,72
24,316	-0,72	-2,7	-0,18
24,378	0,54	-0,54	0,18
24,431	1,26	1,62	0,54
24,482	1,98	3,6	0,9
24,535	2,34	5,22	1,08
24,585	2,7	6,48	1,08
24,636	2,7	7,2	0,9
24,688	2,34	7,38	0,72
24,74	2,16	7,02	0,54
24,791	1,8	6,12	0,18
24,841	1,26	4,86	-0,18
24,896	0,9	3,06	-0,36
24,95	0,36	0,9	-0,54
25,004	0	-1,26	-0,72
25,06	-0,54	-3,42	-0,72
25,122	-0,9	-5,58	-0,54
25,182	-1,44	-7,02	-0,36
25,241	-1,8	-7,74	-0,18
25,299	-2,34	-7,92	-0,18
25,359	-2,52	-7,2	0
25,413	-2,52	-5,94	0
25,469	-2,34	-4,14	0
25,526	-1,8	-1,98	0
25,581	-0,9	0,18	-0,18
25,634	0	2,16	-0,18
25,688	0,9	4,14	-0,18
25,741	1,98	5,58	-0,18
25,794	2,7	6,66	0
25,843	3,42	7,2	0,18
25,894	3,6	7,2	0,18
25,945	3,6	6,66	0,36
25,996	3,24	5,76	0,54
26,047	2,52	4,32	0,54
26,098	1,62	2,52	0,54
26,149	0,54	0,54	0,54
26,198	-0,54	-1,44	0,36
26,253	-1,62	-3,6	0
26,309	-2,52	-5,4	-0,36
26,367	-3,06	-6,84	-0,54
26,425	-3,24	-7,56	-0,9
26,483	-3,06	-7,74	-1,08
26,54	-2,52	-7,2	-1,08
26,598	-1,8	-5,94	-1,08
26,657	-0,9	-4,32	-0,72
26,715	-0,18	-2,16	-0,36
26,773	0,54	0	0
26,823	1,08	1,98	0,36
26,874	1,44	3,96	0,54
26,925	1,62	5,4	0,9
26,975	1,98	6,48	1,08
27,027	1,98	7,2	1,08
27,078	1,98	7,38	0,9
27,128	1,98	6,84	0,72
27,18	1,98	5,94	0,54
27,231	1,8	4,5	0,18
27,28	1,44	2,88	-0,18
27,337	1,08	0,72	-0,54
27,392	0,54	-1,44	-0,72
27,448	-0,18	-3,78	-0,9
27,51	-0,9	-5,76	-0,9
27,571	-1,8	-7,02	-0,72
27,63	-2,52	-7,74	-0,54
27,692	-3,06	-7,56	-0,36
27,754	-3,06	-6,84	-0,18
27,812	-2,88	-5,22	0
27,864	-2,34	-3,6	0,18
27,921	-1,26	-1,44	0,18
27,977	-0,18	0,72	0,18
28,031	0,9	2,7	0,18
28,082	1,98	4,32	0,18
28,132	2,7	5,76	0
28,183	3,24	6,66	0
28,233	3,6	7,2	0
28,287	3,42	7,02	0
28,339	3,06	6,48	0,18
28,39	2,34	5,4	0,18
28,441	1,62	3,78	0,18
28,49	0,72	2,16	0,18
28,542	-0,18	0	0,18
28,595	-1,08	-2,16	0,18
28,65	-1,8	-4,14	0
28,708	-2,34	-5,76	-0,18
28,766	-2,52	-7,02	-0,36
28,825	-2,34	-7,74	-0,54
28,884	-2,16	-7,56	-0,72
28,941	-1,8	-6,84	-0,9
28,999	-1,26	-5,4	-0,9
29,058	-0,9	-3,42	-0,72
29,116	-0,36	-1,26	-0,54
29,176	0,18	1,08	-0,18
29,23	0,54	3,06	0,18
29,28	0,9	4,68	0,36
29,333	1,44	6,12	0,72
29,384	1,8	6,84	0,9
29,435	2,16	7,2	1,08
29,49	2,52	7,02	1,08
29,541	2,52	6,12	0,9
29,594	2,52	4,86	0,54
29,644	2,16	3,42	0,36
29,695	1,62	1,44	0
29,746	0,9	-0,54	-0,36
29,806	0	-2,7	-0,72
29,862	-1,08	-4,86	-0,9
29,922	-2,16	-6,3	-1,08
29,981	-2,88	-7,38	-1,08
30,038	-3,24	-7,56	-0,9
30,097	-3,42	-7,2	-0,54
30,158	-3,06	-6,12	-0,18
30,217	-2,16	-4,32	0
30,275	-1,26	-2,52	0,18
30,33	-0,18	-0,36	0,36
30,386	1,08	1,62	0,54
30,439	1,98	3,6	0,54
30,492	2,7	5,22	0,36
30,547	3,06	6,3	0,36
30,598	3,06	7,02	0,18
30,649	2,88	7,2	0,18
30,703	2,52	6,66	0
30,755	1,98	5,76	0
30,808	1,26	4,32	0
30,858	0,54	2,52	0
30,908	0	0,72	0
30,958	-0,54	-1,44	0
31,014	-1,08	-3,42	0
31,068	-1,44	-5,22	0
31,123	-1,8	-6,66	-0,18
31,183	-1,98	-7,38	-0,18
31,239	-1,98	-7,56	-0,36
31,296	-1,98	-7,2	-0,54
31,352	-1,8	-6,12	-0,54
31,41	-1,62	-4,32	-0,72
31,471	-1,26	-2,16	-0,54
31,529	-0,72	0	-0,54
31,585	0	2,16	-0,18
31,638	0,72	3,96	0
31,692	1,44	5,58	0,36
31,746	2,16	6,48	0,54
31,799	2,7	7,02	0,72
31,852	3,06	7,02	0,9
31,905	3,06	6,48	0,9
31,958	2,88	5,4	0,9
32,01	2,52	3,6	0,54
32,064	1,62	1,98	0,36
32,113	0,72	0	0
32,162	-0,18	-1,98	-0,36
32,222	-1,26	-4,14	-0,72
32,28	-2,34	-5,76	-0,9
32,338	-2,88	-7,02	-1,08
32,396	-3,24	-7,56	-1,08
32,455	-3,24	-7,38	-0,9
32,513	-2,88	-6,66	-0,72
32,572	-1,98	-5,22	-0,36
32,631	-1,08	-3,24	0
32,686	-0,18	-1,26	0,18
32,743	0,72	0,72	0,54
32,793	1,44	2,7	0,54
32,845	1,98	4,32	0,72
32,896	2,34	5,76	0,72
32,946	2,52	6,66	0,54
32,996	2,52	7,02	0,36
33,048	2,16	7,02	0,18
33,101	1,98	6,3	0
33,152	1,62	5,22	0
33,205	1,26	3,6	-0,18
33,259	0,72	1,8	-0,36
33,312	0,18	-0,18	-0,36
33,368	-0,18	-2,52	-0,36
33,426	-0,72	-4,5	-0,36
33,484	-1,26	-6,12	-0,18
33,543	-1,8	-7,2	-0,18
33,605	-2,16	-7,56	-0,18
33,662	-2,34	-7,2	-0,36
33,721	-2,52	-6,3	-0,36
33,779	-2,16	-4,68	-0,36
33,836	-1,8	-2,7	-0,36
33,895	-1,08	-0,54	-0,36
33,954	0	1,62	-0,36
34,006	0,72	3,42	-0,18
34,059	1,8	5,04	0
34,11	2,52	6,12	0,18
34,164	3,06	6,84	0,36
34,213	3,24	7,02	0,54
34,263	3,42	6,66	0,72
34,315	3,06	5,76	0,72
34,366	2,34	4,5	0,72
34,417	1,62	2,88	0,54
34,468	0,72	1,08	0,36
34,518	-0,18	-0,9	0
34,576	-1,26	-3,06	-0,18
34,635	-2,16	-5,04	-0,54
34,693	-2,7	-6,48	-0,9
34,751	-2,88	-7,2	-0,9
34,812	-2,88	-7,38	-1,08
34,874	-2,34	-6,84	-0,9
34,931	-1,8	-5,76	-0,72
34,988	-1,08	-3,96	-0,36
35,049	-0,36	-1,98	-0,18
35,107	0,36	0,18	0,18
35,156	0,9	1,98	0,36
35,205	1,26	3,78	0,72
35,256	1,62	5,22	0,72
35,31	1,8	6,3	0,9
35,361	1,98	6,84	0,72
35,411	2,16	7,02	0,54
35,462	2,16	6,48	0,36
35,514	1,98	5,58	0,18
35,566	1,8	4,14	0
35,615	1,44	2,52	-0,18
35,669	0,9	0,54	-0,36
35,725	0,36	-1,62	-0,54
35,783	-0,36	-3,6	-0,54
35,843	-1,26	-5,58	-0,54
35,902	-1,98	-6,84	-0,54
35,962	-2,52	-7,38	-0,36
36,019	-2,88	-7,38	-0,36
36,076	-2,88	-6,66	-0,18
36,135	-2,7	-5,22	-0,18
36,195	-1,98	-3,42	-0,18
36,255	-1,08	-1,26	-0,18
36,316	0	0,9	-0,18
36,369	1,08	2,88	0
36,421	1,98	4,5	0
36,472	2,52	5,76	0
36,523	3,06	6,48	0,18
36,574	3,24	6,84	0,18
36,624	3,06	6,66	0,36
36,676	2,7	6,12	0,36
36,726	2,16	5,04	0,36
36,778	1,44	3,42	0,54
36,828	0,54	1,8	0,36
36,882	-0,18	-0,36	0,18
36,938	-1,08	-2,34	0
36,993	-1,62	-4,32	-0,18
37,054	-2,16	-5,94	-0,54
37,11	-2,34	-7,02	-0,72
37,17	-2,34	-7,38	-0,9
37,23	-2,16	-7,2	-0,9
37,291	-1,8	-6,12	-0,9
37,35	-1,26	-4,5	-0,72
37,41	-0,9	-2,52	-0,54
37,468	-0,18	-0,36	-0,18
37,528	0,36	1,62	0,18
37,579	0,72	3,42	0,36
37,627	1,26	4,86	0,72
37,68	1,62	6,12	0,72
37,732	1,98	6,66	0,9
37,78	2,34	6,84	0,9
37,831	2,52	6,48	0,72
37,883	2,52	5,76	0,54
37,935	2,34	4,5	0,18
37,984	1,98	2,88	0
38,034	1,26	1,26	-0,36
38,086	0,54	-0,9	-0,54
38,143	-0,36	-2,88	-0,72
38,201	-1,26	-4,86	-0,72
38,259	-2,16	-6,3	-0,72
38,32	-2,88	-7,2	-0,72
38,378	-3,06	-7,38	-0,54
38,436	-3,06	-6,84	-0,36
38,496	-2,7	-5,76	-0,18
38,553	-1,98	-4,14	0
38,61	-1,08	-2,34	0
38,665	0	-0,18	0,18
38,721	0,9	1,8	0,18
38,773	1,8	3,6	0,18
38,825	2,34	5,04	0,18
38,875	2,7	6,12	0,18
38,925	2,88	6,66	0,18
38,976	2,7	6,84	0,18
39,028	2,52	6,48	0,18
39,079	1,98	5,58	0,18
39,13	1,44	4,32	0,18
39,18	0,72	2,7	0,18
39,23	0,18	0,9	0,18
39,279	-0,36	-0,9	0,18
39,334	-0,9	-2,88	0
39,389	-1,44	-4,68	-0,18
39,448	-1,62	-6,12	-0,36
39,506	-1,98	-7,2	-0,54
39,565	-2,16	-7,38	-0,72
39,626	-2,16	-6,84	-0,72
39,684	-1,98	-5,76	-0,72
39,744	-1,62	-4,14	-0,72
39,803	-1,08	-2,16	-0,54
39,863	-0,54	0,18	-0,18
39,92	0,18	1,98	0
39,97	0,72	3,78	0,18
40,021	1,44	5,22	0,54
40,072	1,98	6,12	0,72
40,122	2,52	6,66	0,72
40,176	2,88	6,66	0,72
40,226	2,88	6,3	0,72
40,277	2,7	5,4	0,54
40,329	2,34	3,96	0,36
40,381	1,62	2,34	0,18
40,431	0,9	0,54	-0,18
40,484	0	-1,44	-0,36
40,538	-0,9	-3,42	-0,72
40,596	-1,98	-5,04	-0,9
40,652	-2,52	-6,3	-0,9
40,71	-3,06	-7,2	-0,9
40,771	-3,06	-7,2	-0,72
40,831	-2,7	-6,66	-0,54
40,889	-2,16	-5,4	-0,18
40,948	-1,26	-3,6	0
41,005	-0,36	-1,8	0,18
41,061	0,54	0,18	0,18
41,109	1,08	1,98	0,36
41,159	1,62	3,6	0,36
41,21	2,16	5,04	0,36
41,262	2,34	6,12	0,36
41,312	2,34	6,66	0,18
41,361	2,34	6,66	0,18
41,413	2,16	6,3	0,18
41,464	1,8	5,4	0
41,515	1,44	4,14	0
41,565	0,9	2,52	0
41,618	0,54	0,54	0
41,668	0	-1,26	0
41,721	-0,54	-3,06	-0,18
41,78	-1,08	-5,04	-0,18
41,84	-1,62	-6,48	-0,36
41,9	-1,98	-7,2	-0,36
41,959	-2,34	-7,2	-0,54
42,019	-2,34	-6,66	-0,54
42,077	-2,34	-5,4	-0,54
42,135	-1,98	-3,6	-0,54
42,194	-1,26	-1,62	-0,54
42,253	-0,54	0,36	-0,36
42,309	0,36	2,34	0
42,361	1,26	3,96	0,18
42,413	1,98	5,4	0,36
42,465	2,52	6,3	0,54
42,518	2,88	6,66	0,72
42,568	3,06	6,66	0,72
42,62	2,88	5,94	0,72
42,672	2,52	4,86	0,54
42,723	1,8	3,6	0,36
42,774	1,08	1,8	0,18
42,825	0,18	0	0
42,875	-0,72	-1,8	-0,36
42,932	-1,44	-3,78	-0,54
42,988	-2,16	-5,4	-0,72
43,047	-2,52	-6,48	-0,9
43,107	-2,7	-7,2	-0,9
43,164	-2,52	-7,2	-0,72
43,222	-2,16	-6,48	-0,54
43,28	-1,62	-5,04	-0,36
43,337	-0,9	-3,24	-0,18
43,396	-0,18	-1,26	0,18
43,454	0,36	0,72	0,36
43,503	0,9	2,34	0,36
43,554	1,26	4,14	0,54
43,606	1,62	5,4	0,54
43,657	1,98	6,3	0,54
43,709	1,98	6,66	0,36
43,76	2,16	6,48	0,36
43,811	2,16	5,94	0,18
43,864	1,98	4,86	0
43,914	1,62	3,42	0
43,965	1,26	1,8	-0,18
44,019	0,72	-0,18	-0,18
44,076	0	-2,16	-0,18
44,132	-0,72	-4,14	-0,36
44,189	-1,44	-5,58	-0,36
44,249	-2,16	-6,66	-0,36
44,311	-2,7	-7,2	-0,36
44,371	-2,88	-6,84	-0,54
44,432	-2,7	-5,94	-0,54
44,492	-2,16	-4,32	-0,36
44,552	-1,44	-2,52	-0,36
44,611	-0,54	-0,36	-0,18
44,67	0,54	1,62	-0,18
44,725	1,44	3,42	0
44,775	2,16	4,86	0,18
44,827	2,7	5,94	0,36
44,876	2,88	6,48	0,36
44,928	2,88	6,66	0,54
44,979	2,7	6,3	0,54
45,029	2,34	5,4	0,54
45,084	1,62	4,14	0,36
45,135	0,9	2,52	0,36
45,185	0,18	0,72	0,18
45,235	-0,54	-1,08	-0,18
45,295	-1,26	-3,24	-0,36
45,353	-1,62	-4,86	-0,54
45,412	-1,98	-6,3	-0,72
45,471	-2,16	-7,02	-0,72
45,529	-2,16	-7,2	-0,72
45,59	-1,98	-6,48	-0,72
45,65	-1,62	-5,22	-0,54
45,709	-1,26	-3,6	-0,36
45,77	-0,72	-1,44	0
45,825	-0,18	0,54	0,18
45,879	0,36	2,16	0,36
45,929	0,9	3,78	0,54
45,98	1,44	5,22	0,54
46,033	1,98	6,12	0,54
46,085	2,16	6,48	0,54
46,135	2,52	6,48	0,54
46,188	2,52	5,94	0,36
46,239	2,34	4,86	0,18
46,289	1,98	3,6	0
46,34	1,44	1,98	-0,18
46,395	0,72	0	-0,18
46,448	0	-1,8	-0,36
46,505	-0,9	-3,78	-0,54
46,564	-1,8	-5,4	-0,54
46,623	-2,52	-6,48	-0,54
46,682	-2,88	-7,02	-0,54
46,742	-2,88	-6,84	-0,36
46,803	-2,7	-6,12	-0,36
46,861	-1,98	-4,68	-0,36
46,92	-1,26	-2,88	-0,18
46,977	-0,36	-0,9	-0,18
47,035	0,54	1,08	0
47,085	1,44	2,88	0
47,137	1,98	4,32	0,18
47,19	2,34	5,58	0,18
47,243	2,52	6,3	0,36
47,295	2,52	6,48	0,36
47,347	2,34	6,3	0,36
47,397	1,98	5,58	0,36
47,449	1,62	4,5	0,36
47,498	1,08	3,06	0,36
47,549	0,54	1,26	0,18
47,6	0	-0,36	0
47,653	-0,54	-2,34	-0,18
47,713	-1,08	-4,32	-0,36
47,773	-1,44	-5,76	-0,54
47,832	-1,8	-6,66	-0,72
47,892	-1,98	-7,02	-0,72
47,952	-2,16	-6,66	-0,72
48,009	-1,98	-5,76	-0,72
48,067	-1,62	-4,14	-0,54
48,128	-1,26	-2,16	-0,36
48,187	-0,54	-0,18	0
48,244	0,18	1,8	0,18
48,296	0,72	3,42	0,36
48,348	1,44	4,86	0,54
48,402	2,16	5,94	0,72
48,453	2,52	6,3	0,72
48,504	2,7	6,48	0,72
48,554	2,88	6,12	0,54
48,606	2,7	5,22	0,36
48,659	2,16	3,78	0,18
48,711	1,44	2,16	0
48,762	0,72	0,54	-0,18
48,816	-0,18	-1,44	-0,36
48,874	-1,08	-3,42	-0,54
48,93	-1,8	-5,04	-0,54
48,988	-2,34	-6,12	-0,54
49,049	-2,7	-6,84	-0,54
49,108	-2,7	-6,84	-0,54
49,167	-2,34	-6,3	-0,36
49,225	-1,8	-5,04	-0,18
49,283	-1,08	-3,42	-0,18
49,341	-0,36	-1,44	0
49,396	0,36	0,36	0
49,444	0,9	1,98	0,18
49,494	1,44	3,6	0,18
49,543	1,8	4,86	0,18
49,595	2,16	5,76	0,18
49,645	2,16	6,3	0,36
49,695	2,16	6,48	0,36
49,745	2,16	5,94	0,36
49,798	1,8	5,04	0,36
49,852	1,44	3,78	0,18
49,903	1,08	2,16	0,18
49,954	0,54	0,54	0,18
50,005	0	-1,26	0
50,058	-0,54	-3,06	-0,18
50,117	-1,08	-4,86	-0,36
50,177	-1,62	-6,12	-0,36
50,234	-1,98	-6,84	-0,54
50,294	-2,34	-6,84	-0,72
50,352	-2,34	-6,3	-0,72
50,412	-2,16	-5,04	-0,54
50,471	-1,8	-3,42	-0,54
50,53	-1,08	-1,44	-0,36
50,588	-0,18	0,54	-0,18
50,642	0,54	2,34	0,18
50,693	1,26	3,78	0,36
50,743	1,98	5,04	0,54
50,794	2,52	5,94	0,54
50,846	2,88	6,3	0,72
50,897	2,88	6,3	0,72
50,949	2,7	5,76	0,54
51,001	2,34	4,86	0,36
51,052	1,62	3,42	0,18
51,102	0,9	1,8	0
51,152	0,18	0,18	-0,18
51,204	-0,54	-1,62	-0,36
51,261	-1,26	-3,42	-0,54
51,321	-1,98	-5,04	-0,72
51,379	-2,34	-6,3	-0,72
51,438	-2,34	-6,84	-0,72
51,497	-2,34	-6,84	-0,54
51,557	-1,98	-5,94	-0,36
51,616	-1,44	-4,68	-0,18
51,673	-0,9	-3,06	0
51,73	-0,36	-1,08	0
51,786	0,18	0,72	0,18
51,838	0,72	2,34	0,18
51,89	1,26	3,96	0,36
51,939	1,62	5,04	0,36
51,989	1,98	5,94	0,36
52,042	2,16	6,3	0,36
52,095	2,16	6,3	0,36
52,145	2,16	5,58	0,18
52,199	1,98	4,5	0,18
52,249	1,62	3,24	0,18
52,298	1,26	1,62	0
52,348	0,72	0	0
52,397	0	-1,62	-0,18
52,453	-0,72	-3,6	-0,18
52,511	-1,44	-5,04	-0,36
52,571	-1,98	-6,3	-0,36
52,631	-2,52	-6,84	-0,54
52,69	-2,7	-6,66	-0,54
52,749	-2,52	-5,94	-0,54
52,808	-2,16	-4,68	-0,54
52,866	-1,44	-2,88	-0,36
52,922	-0,72	-1,08	-0,36
52,98	0,18	0,9	-0,18
53,034	1,08	2,7	0
53,085	1,8	4,14	0,18
53,136	2,34	5,22	0,36
53,189	2,7	5,94	0,54
53,241	2,7	6,3	0,54
53,291	2,7	6,12	0,54
53,342	2,34	5,58	0,54
53,393	1,8	4,5	0,54
53,447	1,26	2,88	0,36
53,499	0,54	1,44	0,18
53,55	-0,18	-0,54	-0,18
53,61	-0,9	-2,52	-0,36
53,671	-1,44	-4,32	-0,54
53,732	-1,8	-5,76	-0,72
53,793	-1,98	-6,66	-0,72
53,851	-2,16	-6,84	-0,72
53,91	-1,98	-6,3	-0,54
53,97	-1,62	-5,22	-0,36
54,029	-1,26	-3,78	-0,18
54,088	-0,72	-1,8	0
54,146	-0,18	0,18	0,18
54,2	0,36	1,8	0,36
54,246	0,72	3,24	0,36
54,298	1,26	4,68	0,36
54,349	1,8	5,58	0,36
54,399	2,16	6,12	0,36
54,451	2,34	6,3	0,36
54,502	2,34	5,94	0,36
54,553	2,34	5,04	0,18
54,603	1,98	3,96	0,18
54,656	1,62	2,34	0
54,71	0,9	0,54	-0,18
54,763	0,18	-1,26	-0,18
54,82	-0,72	-3,06	-0,36
54,88	-1,44	-4,86	-0,36
54,939	-2,16	-5,94	-0,36
54,997	-2,52	-6,66	-0,36
55,054	-2,7	-6,66	-0,36
55,112	-2,52	-6,12	-0,36
55,168	-2,16	-5,04	-0,36
55,228	-1,44	-3,42	-0,36
55,288	-0,54	-1,44	-0,18
55,347	0,36	0,36	-0,18
55,399	1,08	2,16	0
55,451	1,62	3,6	0,18
55,504	1,98	4,86	0,18
55,553	2,34	5,76	0,36
55,606	2,34	6,12	0,36
55,659	2,34	6,12	0,54
55,712	1,98	5,58	0,54
55,763	1,62	4,68	0,54
55,813	1,26	3,42	0,36
55,862	0,72	1,8	0,18
55,913	0,18	0,18	0
55,961	-0,18	-1,62	-0,18
56,021	-0,9	-3,42	-0,36
56,079	-1,26	-5,04	-0,54
56,139	-1,62	-6,12	-0,72
56,199	-1,98	-6,66	-0,72
56,26	-2,16	-6,48	-0,72
56,319	-1,98	-5,76	-0,54
56,377	-1,8	-4,5	-0,54
56,434	-1,44	-2,88	-0,18
56,491	-0,9	-1,08	0
56,546	-0,18	0,72	0,18
56,596	0,54	2,34	0,36
56,647	1,08	3,78	0,36
56,695	1,62	4,86	0,54
56,746	2,16	5,76	0,54
56,798	2,52	6,12	0,54
56,851	2,7	6,12	0,54
56,903	2,52	5,58	0,36
56,956	2,34	4,5	0,18
57,005	1,8	3,24	0
57,057	1,08	1,62	0
57,108	0,36	0	-0,18
57,161	-0,36	-1,8	-0,36
57,221	-1,26	-3,78	-0,36
57,281	-1,98	-5,22	-0,36
57,338	-2,34	-6,12	-0,54
57,396	-2,52	-6,66	-0,54
57,457	-2,52	-6,48	-0,36
57,515	-2,16	-5,76	-0,36
57,573	-1,62	-4,32	-0,36
57,629	-0,9	-2,7	-0,18
57,688	-0,18	-0,9	-0,18
57,748	0,54	1,08	0
57,799	1,08	2,7	0
57,85	1,44	4,14	0,18
57,901	1,8	5,22	0,18
57,954	1,98	5,94	0,36
58,007	2,16	6,12	0,36
58,056	2,16	5,94	0,36
58,108	1,98	5,22	0,36
58,16	1,62	4,14	0,36
58,212	1,26	2,88	0,36
58,261	0,72	1,26	0,18
58,31	0,36	-0,36	0
58,363	-0,18	-2,16	-0,18
58,421	-0,9	-3,96	-0,36
58,482	-1,44	-5,4	-0,54
58,539	-1,8	-6,3	-0,54
58,599	-2,16	-6,66	-0,72
58,657	-2,34	-6,3	-0,72
58,715	-2,16	-5,4	-0,54
58,775	-1,8	-3,96	-0,54
58,834	-1,26	-2,34	-0,18
58,892	-0,54	-0,36	0
58,948	0,18	1,44	0,18
58,997	0,9	2,88	0,36
59,048	1,62	4,14	0,36
59,099	2,16	5,22	0,54
59,151	2,52	5,94	0,54
59,204	2,7	6,12	0,54
59,254	2,7	5,76	0,54
59,306	2,34	5,04	0,36
59,357	1,98	3,96	0,18
59,406	1,26	2,7	0
59,456	0,54	1,08	-0,18
59,512	-0,18	-0,9	-0,36
59,572	-0,9	-2,7	-0,36
59,631	-1,62	-4,32	-0,54
59,69	-1,98	-5,58	-0,54
59,748	-2,16	-6,3	-0,54
59,806	-2,34	-6,48	-0,54
59,863	-1,98	-6,12	-0,36
59,922	-1,62	-5,04	-0,36
59,98	-1,08	-3,6	-0,18
60,038	-0,54	-1,8	0
60,092	0	-0,18	0
60,144	0,54	1,62	0,18
60,192	0,9	3,06	0,18
60,242	1,44	4,32	0,18
60,294	1,62	5,4	0,36
60,346	1,98	5,94	0,36
60,395	2,16	6,12	0,36
60,445	2,16	5,76	0,36
60,496	1,98	5,04	0,36
60,547	1,8	3,96	0,36
60,598	1,44	2,52	0,18
60,649	0,9	0,9	0,18
60,699	0,36	-0,72	0
60,752	-0,18	-2,52	-0,18
60,81	-0,9	-4,14	-0,36
60,87	-1,62	-5,4	-0,36
60,93	-2,16	-6,3	-0,54
60,989	-2,34	-6,48	-0,54
61,048	-2,52	-6,12	-0,54
61,107	-2,16	-5,04	-0,54
61,166	-1,62	-3,6	-0,36
61,222	-1,08	-1,98	-0,36
61,279	-0,18	-0,18	-0,18
61,338	0,72	1,8	0,18
61,391	1,44	3,24	0,36
61,445	1,98	4,5	0,36
61,496	2,34	5,4	0,54
61,545	2,52	5,94	0,54
61,595	2,52	5,94	0,54
61,645	2,34	5,58	0,54
61,696	1,98	4,86	0,36
61,748	1,44	3,6	0,36
61,8	0,9	2,16	0,18
61,85	0,36	0,54	0
61,9	-0,18	-1,08	-0,18
61,958	-0,9	-2,88	-0,36
62,017	-1,44	-4,5	-0,54
62,078	-1,8	-5,76	-0,54
62,135	-1,98	-6,3	-0,54
62,193	-1,98	-6,48	-0,54
62,252	-1,98	-5,94	-0,36
62,311	-1,62	-4,86	-0,36
62,371	-1,26	-3,24	-0,18
62,431	-0,72	-1,44	0
62,488	-0,18	0,54	0,18
62,541	0,54	1,98	0,18
62,59	0,9	3,42	0,18
62,64	1,44	4,68	0,36
62,692	1,8	5,58	0,36
62,743	2,16	5,94	0,36
62,796	2,34	5,94	0,36
62,845	2,34	5,4	0,36
62,895	2,16	4,5	0,18
62,947	1,8	3,42	0,18
63	1,26	1,8	0
63,049	0,72	0,36	0
63,098	0	-1,26	-0,18
63,152	-0,72	-3,06	-0,18
63,212	-1,44	-4,68	-0,36
63,272	-2,16	-5,76	-0,36
63,33	-2,34	-6,3	-0,54
63,39	-2,52	-6,3	-0,54
63,448	-2,34	-5,76	-0,54
63,506	-1,98	-4,68	-0,54
63,565	-1,26	-3,06	-0,36
63,626	-0,54	-1,26	-0,18
63,684	0,36	0,54	-0,18
63,738	1,08	2,34	0
63,791	1,62	3,78	0,18
63,841	1,98	4,86	0,36
63,894	2,16	5,58	0,54
63,942	2,34	5,94	0,54
63,994	2,16	5,76	0,54
64,044	1,98	5,22	0,54
64,097	1,62	4,32	0,36
64,147	1,26	3,06	0,36
64,199	0,72	1,62	0,18
64,248	0,18	0	0
64,297	-0,18	-1,62	-0,36
64,357	-0,9	-3,42	-0,54
64,416	-1,44	-4,86	-0,54
64,475	-1,8	-5,94	-0,72
64,532	-1,98	-6,3	-0,72
64,591	-1,98	-6,3	-0,54
64,651	-1,98	-5,58	-0,54
64,71	-1,62	-4,32	-0,36
64,77	-1,26	-2,7	-0,18
64,83	-0,72	-0,72	0
64,885	0	0,9	0,18
64,933	0,54	2,34	0,36
64,984	1,26	3,78	0,36
65,036	1,62	4,86	0,36
65,087	2,16	5,58	0,36
65,139	1,98	5,94	0,36
65,19	1,44	5,76	0,36
65,243	0,9	5,04	0,18
65,293	0,36	4,14	0,18
65,343	0	2,88	0
65,394	-0,36	1,26	0
65,448	-0,72	-0,54	-0,18
65,509	-1,8	-2,34	-0,18
65,568	-3,24	-4,14	-0,36
65,628	-5,22	-5,4	-0,36
65,683	-7,38	-6,12	-0,36
65,741	-9	-6,48	-0,36
65,802	-8,82	-6,3	-0,36
65,86	-7,02	-5,58	-0,54
65,919	-3,6	-4,14	-0,36
65,98	0,18	-2,7	-0,36
66,034	3,6	-0,9	-0,36
66,091	6,48	1,08	-0,18
66,146	7,74	2,88	0
66,197	7,74	4,32	0,18
66,249	6,48	5,4	0,36
66,299	4,32	6,12	0,54
66,352	1,44	6,48	0,54
66,403	-1,08	6,3	0,54
66,456	-3,42	5,58	0,54
66,507	-4,86	4,32	0,54
66,558	-5,22	2,7	0,36
66,613	-4,32	0,9	0,18
66,666	-2,7	-1,08	-0,18
66,725	-0,18	-3,06	-0,36
66,786	2,16	-5,04	-0,54
66,843	3,78	-6,3	-0,72
66,899	4,14	-7,02	-0,9
66,955	3,6	-7,2	-0,9
67,01	1,8	-6,66	-0,72
67,065	-0,54	-5,4	-0,54
67,123	-3,06	-3,78	-0,36
67,183	-5,22	-1,8	0
67,241	-6,3	0,36	0,18
67,293	-5,94	1,98	0,36
67,346	-4,5	3,6	0,36
67,399	-2,16	4,86	0,54
67,452	0,9	5,76	0,54
67,502	3,78	6,12	0,54
67,551	6,3	6,12	0,36
67,601	7,92	5,58	0,36
67,651	8,64	4,86	0,18
67,704	7,92	3,6	0
67,756	5,94	2,16	-0,18
67,811	2,88	0,54	-0,18
67,865	-0,72	-1,26	-0,36
67,924	-4,32	-3,06	-0,36
67,982	-7,2	-4,5	-0,36
68,038	-8,46	-5,76	-0,36
68,097	-8,28	-6,48	-0,36
68,157	-6,3	-6,66	-0,36
68,218	-3,06	-6,12	-0,36
68,277	0,36	-5,04	-0,36
68,333	3,24	-3,6	-0,18
68,39	5,4	-1,8	-0,18
68,446	6,3	0,18	-0,18
68,501	5,76	1,98	0
68,55	4,5	3,6	0
68,601	2,52	4,86	0,18
68,652	0,18	5,94	0,18
68,704	-1,8	6,48	0,36
68,756	-3,24	6,48	0,36
68,81	-3,96	5,94	0,36
68,862	-3,6	4,86	0,36
68,915	-2,34	3,42	0,36
68,966	-0,54	1,62	0,36
69,02	1,62	-0,18	0,18
69,075	3,42	-1,98	0
69,126	4,5	-3,78	-0,18
69,18	4,68	-5,22	-0,36
69,232	3,78	-6,3	-0,72
69,289	1,8	-6,84	-0,72
69,347	-0,9	-6,66	-0,72
69,407	-3,96	-5,94	-0,72
69,465	-6,12	-4,68	-0,54
69,524	-7,2	-2,88	-0,36
69,581	-6,84	-1,08	-0,18
69,641	-4,86	0,72	0,18
69,695	-1,98	2,52	0,36
69,752	1,44	3,96	0,54
69,803	4,5	5,04	0,72
69,858	7,02	5,76	0,72
69,909	8,28	5,94	0,72
69,962	8,46	5,76	0,54
70,014	7,38	5,22	0,36
70,064	5,22	4,14	0,18
70,118	2,16	2,88	0
70,169	-0,9	1,26	-0,18
70,226	-4,14	-0,54	-0,36
70,285	-6,48	-2,34	-0,54
70,344	-7,38	-4,14	-0,54
70,4	-6,84	-5,4	-0,54
70,458	-4,86	-6,3	-0,54
70,518	-2,16	-6,66	-0,36
70,576	0,72	-6,48	-0,36
70,632	3,06	-5,76	-0,18
70,687	4,32	-4,32	-0,18
70,742	4,86	-2,7	0
70,796	3,96	-0,9	0
70,847	2,52	1,08	0
70,896	0,72	2,7	0
70,948	-1,08	4,32	0
71,003	-2,7	5,58	0,18
71,056	-3,6	6,3	0,18
71,11	-3,42	6,48	0,18
71,161	-2,34	6,12	0,36
71,215	-0,72	5,22	0,36
71,266	1,44	3,96	0,36
71,317	3,42	2,52	0,36
71,369	4,86	0,72	0,18
71,42	5,58	-1,08	0,18
71,473	5,4	-2,7	0
71,528	3,96	-4,32	-0,18
71,583	1,44	-5,58	-0,36
71,64	-1,44	-6,3	-0,54
71,7	-4,68	-6,48	-0,72
71,761	-7,02	-5,94	-0,72
71,824	-7,92	-5,04	-0,72
71,886	-7,02	-3,42	-0,54
71,948	-4,68	-1,62	-0,36
72,007	-1,44	0,18	0
72,06	1,8	1,62	0,18
72,109	4,68	3,06	0,36
72,162	6,84	4,32	0,54
72,215	7,92	5,22	0,72
72,269	7,74	5,76	0,72
72,319	6,48	5,94	0,72
72,37	4,32	5,58	0,54
72,421	1,62	4,86	0,36
72,473	-1,08	3,78	0,18
72,526	-3,6	2,16	-0,18
72,583	-5,4	0,36	-0,36
72,64	-5,94	-1,62	-0,54
72,7	-5,04	-3,42	-0,54
72,759	-3,24	-5,04	-0,54
72,817	-0,9	-6,12	-0,54
72,876	1,26	-6,66	-0,54
72,932	2,88	-6,66	-0,36
72,989	3,6	-6,12	-0,36
73,044	3,24	-4,86	-0,18
73,102	1,98	-3,06	0
73,157	0,18	-1,26	0
73,212	-1,62	0,72	0
73,265	-3,24	2,52	0,18
73,318	-3,96	4,14	0,18
73,371	-3,78	5,22	0,18
73,426	-2,7	5,94	0,18
73,478	-0,9	6,12	0,18
73,531	1,26	5,94	0,18
73,58	3,42	5,22	0,18
73,633	5,22	4,14	0,18
73,683	6,3	2,7	0,18
73,734	6,48	1,08	0,18
73,787	5,58	-0,54	0
73,84	3,42	-2,16	0
73,893	0,72	-3,78	-0,18
73,949	-2,34	-5,04	-0,36
74,009	-5,4	-5,94	-0,54
74,069	-7,38	-6,3	-0,54
74,131	-7,92	-6,12	-0,72
74,192	-6,84	-5,22	-0,72
74,252	-4,32	-3,96	-0,54
74,312	-1,08	-2,34	-0,36
74,374	2,52	-0,54	-0,18
74,432	5,04	1,26	0
74,482	6,48	2,7	0,18
74,536	7,02	4,14	0,36
74,591	6,12	5,22	0,54
74,642	4,5	5,94	0,54
74,696	2,16	6,12	0,54
74,746	0	5,76	0,54
74,798	-2,16	5,04	0,36
74,851	-3,78	3,78	0,18
74,903	-4,32	2,34	0
74,957	-4,14	0,54	-0,18
75,015	-2,88	-1,44	-0,36
75,073	-0,9	-3,42	-0,54
75,134	1,08	-5,04	-0,54
75,189	2,52	-6,12	-0,72
75,246	3,24	-6,66	-0,72
75,303	2,88	-6,66	-0,54
75,36	1,62	-5,94	-0,36
75,417	-0,36	-4,68	-0,36
75,479	-2,52	-2,88	-0,18
75,537	-4,14	-0,9	0
75,596	-4,86	0,9	0,18
75,648	-4,68	2,52	0,18
75,7	-3,42	3,96	0,36
75,755	-1,44	5,04	0,36
75,81	1,26	5,76	0,36
75,862	3,6	5,94	0,36
75,912	5,58	5,76	0,36
75,963	7,02	5,04	0,18
76,013	7,2	3,96	0,18
76,065	6,3	2,7	0,18
76,115	4,68	1,26	0
76,166	2,16	-0,36	-0,18
76,223	-0,9	-2,16	-0,18
76,282	-4,14	-3,78	-0,36
76,342	-6,48	-5,04	-0,36
76,4	-7,38	-5,94	-0,36
76,462	-7,02	-6,3	-0,54
76,52	-5,22	-6,12	-0,54
76,579	-2,52	-5,4	-0,54
76,635	0,36	-4,14	-0,36
76,691	2,88	-2,7	-0,36
76,747	4,86	-0,9	-0,18
76,805	5,58	1,08	0
76,857	5,22	2,7	0
76,91	3,96	4,14	0,18
76,961	2,34	5,22	0,36
77,012	0,36	5,94	0,36
77,063	-1,44	6,12	0,54
77,116	-2,7	5,94	0,54
77,17	-3,06	5,04	0,54
77,223	-2,88	3,96	0,36
77,276	-1,8	2,34	0,18
77,329	-0,36	0,54	0
77,382	1,26	-1,26	-0,18
77,437	2,7	-2,88	-0,36
77,493	3,42	-4,68	-0,54
77,55	3,42	-5,76	-0,54
77,606	2,34	-6,48	-0,72
77,663	0,36	-6,66	-0,72
77,719	-1,8	-5,94	-0,72
77,778	-3,96	-5,04	-0,54
77,837	-5,58	-3,42	-0,36
77,895	-5,94	-1,62	-0,18
77,952	-5,22	0,18	0
78,004	-3,42	1,62	0,18
78,054	-1,26	3,06	0,36
78,108	1,62	4,32	0,36
78,16	4,14	5,04	0,54
78,211	6,12	5,58	0,54
78,262	7,2	5,76	0,36
78,313	7,38	5,4	0,36
78,364	6,48	4,68	0,18
78,417	4,5	3,6	0,18
78,466	1,98	2,16	0
78,517	-0,72	0,72	-0,18
78,571	-3,42	-0,9	-0,36
78,632	-5,58	-2,7	-0,36
78,69	-6,48	-4,32	-0,36
78,75	-6,12	-5,58	-0,54
78,809	-4,5	-6,3	-0,54
78,868	-2,34	-6,48	-0,36
78,926	0,18	-5,94	-0,36
78,98	2,16	-5,04	-0,36
79,037	3,6	-3,6	-0,18
79,094	4,14	-1,98	-0,18
79,149	3,6	-0,18	-0,18
79,204	2,34	1,8	0
79,255	0,72	3,24	0
79,306	-0,72	4,68	0,18
79,362	-2,16	5,58	0,18
79,416	-2,7	6,12	0,36
79,468	-2,52	5,94	0,36
79,521	-1,62	5,4	0,36
79,574	-0,18	4,32	0,36
79,63	1,62	2,88	0,36
79,681	3,06	1,44	0,18
79,731	4,14	-0,18	0
79,784	4,32	-1,98	-0,18
79,84	3,78	-3,6	-0,36
79,897	2,34	-5,04	-0,54
79,954	0	-5,94	-0,72
80,009	-2,34	-6,3	-0,72
80,068	-4,68	-6,12	-0,72
80,128	-6,3	-5,4	-0,72
80,186	-6,66	-4,32	-0,54
80,245	-5,76	-2,7	-0,36
80,303	-3,6	-0,9	-0,18
80,362	-0,72	0,72	0
80,416	2,16	2,16	0,36
80,469	4,5	3,6	0,36
80,522	6,3	4,68	0,54
80,575	7,02	5,4	0,54
80,625	6,66	5,58	0,54
80,676	5,58	5,58	0,54
80,726	3,6	5,04	0,36
80,778	1,26	4,14	0,18
80,832	-1,26	2,7	0
80,885	-3,24	1,26	-0,18
80,938	-4,68	-0,54	-0,36
80,998	-5,22	-2,34	-0,54
81,055	-4,5	-3,96	-0,54
81,113	-3,06	-5,22	-0,54
