MIN=0	-90	-90	-90
MAX=113,137084989848	90	90	90
SCALE=113,137084989848	45	45	45
DEC=2	1	1	1
DEF="Tiempo" t / s	"Angulo" &a_A1 / °	"Angulo" &a_B1 / °	"Angulo" &a_A1 / °
0	-1,98	0,18	0,72
0,053	-1,98	0,18	0,72
0,106	-2,16	0,18	0,72
0,16	-2,16	0,36	0,72
0,215	-2,34	0,36	0,72
0,27	-2,34	0,36	0,54
0,324	-2,34	0,36	0,54
0,377	-2,34	0,36	0,54
0,431	-2,16	0,36	0,72
0,485	-2,16	0,36	0,9
0,54	-2,16	0,36	0,9
0,594	-2,16	0,36	0,9
0,649	-2,16	0,36	0,72
0,702	-2,16	0,36	0,54
0,757	-2,16	0,36	0,36
0,811	-2,16	0,36	0
0,866	-2,34	0,36	0
0,92	-2,34	0,36	0
0,974	-2,34	0,36	0
1,028	-2,34	0,18	0
1,082	-2,34	0,18	0
1,134	-2,34	0,18	0
1,186	-2,34	0,18	-0,18
1,242	-2,34	0,18	-0,18
1,296	-2,34	0,18	-0,18
1,352	-2,34	0,18	0
1,405	-2,34	0,18	0,72
1,46	-2,34	0,18	1,26
1,513	-2,34	0,36	1,62
1,566	-2,34	0,36	1,8
1,621	-2,34	0,36	1,44
1,676	-2,34	0,36	0,72
1,73	-2,34	0,54	0,18
1,784	-2,34	0,54	-0,18
1,843	-2,34	0,54	0,18
1,899	-2,34	0,54	0,72
1,952	-2,34	0,54	1,26
2,006	-2,34	0,54	1,98
2,059	-2,34	0,54	2,34
2,113	-2,34	0,36	2,16
2,166	-2,34	0	1,44
2,221	-2,34	-0,36	0,54
2,277	-2,52	-0,9	-0,18
2,337	-2,7	-1,62	-0,54
2,397	-2,88	-2,34	-0,54
2,457	-2,88	-3,06	-0,36
2,516	-3,06	-3,78	0
2,572	-3,06	-4,5	0,18
2,631	-3,06	-5,22	0,18
2,687	-3,06	-5,94	0
2,745	-3,06	-6,48	-0,36
2,805	-3,24	-7,02	-0,54
2,863	-3,24	-7,56	-0,72
2,922	-3,24	-7,92	-0,54
2,981	-3,42	-8,1	-0,54
3,04	-3,42	-8,28	-0,36
3,099	-3,42	-8,46	-0,54
3,158	-3,42	-8,82	-0,72
3,218	-3,42	-9,18	-0,9
3,277	-3,42	-9,36	-0,9
3,336	-3,42	-9,54	-0,72
3,394	-3,42	-9,54	-0,72
3,453	-3,42	-9,36	-0,72
3,513	-3,42	-9,36	-0,72
3,571	-3,42	-9,18	-0,9
3,63	-3,42	-9,18	-0,9
3,689	-3,42	-9,36	-1,08
3,748	-3,42	-9,36	-1,26
3,809	-3,6	-9,54	-1,44
3,867	-3,6	-9,72	-1,44
3,925	-3,6	-9,72	-1,44
3,988	-3,6	-9,72	-1,44
4,047	-3,6	-9,72	-1,44
4,106	-3,42	-9,72	-1,62
4,165	-3,42	-9,54	-1,62
4,225	-3,42	-9,54	-1,62
4,282	-3,6	-9,54	-1,62
4,342	-3,6	-9,54	-1,62
4,402	-3,6	-9,54	-1,62
4,461	-3,6	-9,72	-1,62
4,522	-3,6	-9,9	-1,62
4,582	-3,6	-9,9	-1,62
4,64	-3,6	-10,08	-1,62
4,695	-3,6	-10,08	-1,62
4,752	-3,6	-10,08	-1,62
4,809	-3,78	-10,08	-1,62
4,867	-3,78	-10,08	-1,62
4,924	-3,78	-10,08	-1,62
4,983	-3,78	-10,08	-1,44
5,044	-3,78	-10,08	-1,44
5,101	-3,78	-10,08	-1,62
5,158	-3,78	-10,08	-1,62
5,215	-3,78	-10,08	-1,62
5,273	-3,78	-10,08	-1,62
5,334	-3,78	-10,08	-1,62
5,393	-3,78	-10,08	-1,8
5,451	-3,78	-10,08	-1,8
5,51	-3,78	-10,08	-1,8
5,567	-3,6	-10,08	-1,62
5,624	-3,6	-10,08	-1,62
5,683	-3,6	-10,08	-1,62
5,743	-3,78	-10,26	-1,62
5,8	-3,96	-10,26	-1,62
5,859	-3,96	-10,26	-1,8
5,918	-3,96	-10,26	-1,8
5,976	-3,78	-10,26	-1,8
6,032	-3,6	-10,26	-1,8
6,089	-3,42	-9,72	-1,98
6,148	-3,42	-8,1	-2,16
6,203	-3,6	-5,58	-2,34
6,261	-3,6	-2,52	-2,16
6,32	-3,42	0,54	-1,8
6,377	-3,06	3,6	-0,72
6,433	-2,34	6,3	0,54
6,484	-1,44	8,46	1,98
6,538	-0,18	9,9	3,42
6,591	1,08	10,44	4,5
6,641	2,16	10,44	5,22
6,695	2,88	9,54	5,4
6,745	3,06	8,1	4,86
6,798	2,88	5,94	3,78
6,846	1,98	3,6	2,16
6,896	0,54	0,9	0,36
6,947	-1,26	-1,98	-1,8
7,007	-3,42	-4,86	-3,6
7,062	-5,4	-7,02	-5,04
7,12	-7,02	-8,82	-5,76
7,177	-7,74	-9,54	-5,58
7,235	-7,92	-9,54	-4,68
7,291	-7,02	-8,64	-3,24
7,351	-5,4	-6,84	-1,26
7,408	-3,6	-4,32	0,36
7,462	-1,62	-1,62	1,8
7,519	0,18	1,26	2,7
7,572	1,44	4,14	3,24
7,624	2,16	6,48	3,24
7,673	2,52	8,46	3,06
7,725	2,34	9,9	2,52
7,776	1,8	10,62	1,98
7,828	0,9	10,44	1,44
7,879	-0,18	9,54	1,08
7,931	-1,08	7,92	0,72
7,985	-1,98	5,58	0,54
8,04	-2,52	2,88	0,54
8,091	-2,7	0	0,36
8,144	-2,88	-2,88	0,18
8,197	-2,88	-5,4	-0,36
8,254	-2,88	-7,92	-1,08
8,314	-3,06	-9,36	-2,16
8,373	-3,42	-9,9	-3,24
8,436	-3,96	-9,36	-3,96
8,499	-4,32	-7,74	-4,32
8,558	-4,68	-5,4	-3,96
8,614	-4,68	-2,52	-2,88
8,672	-4,14	0,54	-1,44
8,732	-3,24	3,6	0,54
8,786	-1,98	6,3	2,52
8,844	-0,36	8,28	4,14
8,898	1,08	9,54	5,4
8,949	2,34	10,26	5,76
9,001	3,06	10,08	5,76
9,052	3,42	9,36	4,86
9,104	3,24	7,74	3,42
9,155	2,34	5,76	1,62
9,207	0,9	3,42	-0,18
9,261	-0,9	0,36	-2,16
9,317	-2,88	-2,34	-3,78
9,377	-5,04	-5,22	-4,5
9,434	-6,48	-7,38	-4,68
9,494	-7,2	-9	-4,14
9,552	-7,2	-9,54	-3,06
9,61	-6,48	-9,36	-1,8
9,669	-5,04	-7,92	-0,72
9,728	-3,42	-5,76	0,18
9,784	-1,98	-3,24	0,72
9,841	-0,54	-0,18	0,9
9,898	0,54	2,7	0,9
9,952	1,08	5,4	0,9
10,004	1,26	7,74	1,08
10,057	1,08	9,36	1,08
10,108	0,72	10,26	1,44
10,16	0,36	10,44	1,8
10,213	-0,18	9,9	2,34
10,265	-0,54	8,28	2,7
10,32	-0,9	6,3	2,88
10,374	-1,08	3,6	2,7
10,429	-1,26	0,72	1,98
10,482	-1,44	-2,16	0,9
10,539	-1,98	-4,86	-0,72
10,599	-2,52	-7,38	-2,52
10,659	-3,24	-8,82	-3,96
10,718	-4,14	-9,54	-5,22
10,776	-5,04	-9,36	-5,58
10,834	-5,58	-7,92	-5,22
10,895	-5,76	-5,94	-3,96
10,953	-5,4	-3,24	-1,98
11,012	-4,32	-0,18	0,18
11,069	-3,06	2,7	2,16
11,122	-1,44	5,22	3,96
11,178	0,36	7,38	5,04
11,231	1,8	9	5,58
11,283	2,88	9,9	5,22
11,335	3,6	10,08	4,5
11,385	3,6	9,54	3,24
11,437	2,88	8,46	1,62
11,488	1,8	6,48	0,18
11,539	0,36	4,32	-1,08
11,592	-1,44	1,62	-2,16
11,648	-3,24	-1,44	-2,88
11,708	-5,04	-4,32	-2,88
11,766	-5,94	-6,66	-2,52
11,823	-6,48	-8,46	-2,16
11,881	-6,48	-9,54	-1,62
11,942	-5,58	-9,54	-1,26
12,001	-4,5	-8,46	-1,08
12,059	-3,24	-6,66	-1,08
12,116	-2,16	-4,14	-1,26
12,175	-1,08	-1,08	-1,26
12,233	-0,54	1,98	-1,08
12,29	0	4,86	-0,54
12,346	0,18	7,2	0,54
12,397	0,18	9	1,62
12,448	0,18	9,9	2,7
12,497	0,18	10,26	3,6
12,546	0	9,9	4,32
12,596	0	8,82	4,68
12,648	0	7,2	4,5
12,698	0	5,04	3,78
12,748	-0,18	2,34	2,34
12,802	-0,72	-0,36	0,36
12,857	-1,26	-3,06	-1,62
12,915	-2,16	-5,76	-3,6
12,972	-3,24	-7,74	-5,04
13,029	-4,32	-8,82	-5,76
13,086	-5,22	-9,36	-5,76
13,141	-5,94	-8,82	-5,04
13,2	-6,12	-7,38	-3,24
13,26	-5,76	-5,4	-1,44
13,317	-4,86	-2,7	0,54
13,372	-3,42	0	2,16
13,427	-1,8	2,88	3,42
13,482	-0,18	5,4	4,14
13,536	1,26	7,38	4,14
13,587	2,34	9	3,78
13,638	3,06	9,9	3,06
13,687	3,24	10,08	2,16
13,74	2,88	9,54	1,08
13,792	1,98	8,28	0,36
13,84	0,72	6,66	-0,18
13,895	-0,72	4,14	-0,54
13,952	-2,34	1,26	-0,72
14,007	-3,78	-1,62	-0,72
14,065	-4,86	-4,5	-0,54
14,122	-5,4	-7,02	-0,72
14,184	-5,58	-8,64	-1,08
14,241	-5,22	-9,36	-1,8
14,3	-4,68	-9,36	-2,52
14,359	-3,78	-8,1	-3,06
14,416	-3,06	-6,12	-3,42
14,474	-2,34	-3,6	-3,24
14,532	-1,8	-0,72	-2,52
14,59	-1,44	2,34	-1,26
14,647	-1,08	5,22	0,54
14,703	-0,72	7,38	2,34
14,758	-0,36	9	3,96
14,811	0	9,72	5,04
14,86	0,36	9,9	5,58
14,911	0,72	9,54	5,58
14,962	0,9	8,28	4,86
15,014	0,9	6,48	3,6
15,065	0,72	4,32	1,8
15,114	0,18	1,8	-0,18
15,168	-0,54	-0,9	-2,34
15,224	-1,62	-3,6	-3,96
15,283	-3,06	-6,12	-5,04
15,34	-4,32	-7,92	-5,4
15,399	-5,4	-9	-4,86
15,456	-6,3	-9,18	-3,78
15,514	-6,48	-8,46	-2,16
15,571	-6,12	-6,84	-0,54
15,632	-5,22	-4,5	0,72
15,687	-3,78	-1,8	1,62
15,742	-2,34	0,9	2,16
15,796	-0,72	3,6	2,34
15,851	0,9	5,94	2,16
15,902	1,98	7,92	1,8
15,954	2,7	9,36	1,44
16,005	2,88	9,9	1,26
16,056	2,52	9,9	1,08
16,106	1,98	9,18	1,26
16,158	0,9	7,74	1,44
16,211	-0,36	5,58	1,62
16,264	-1,62	3,24	1,62
16,316	-2,7	0,54	1,44
16,368	-3,78	-2,16	0,9
16,422	-4,5	-4,86	0
16,477	-4,86	-7,02	-1,08
16,537	-4,86	-8,46	-2,52
16,597	-4,68	-9,18	-3,78
16,655	-4,32	-9	-4,68
16,715	-3,78	-7,74	-4,86
16,774	-3,24	-5,76	-4,32
16,835	-2,88	-3,06	-3,06
16,894	-2,34	-0,18	-1,08
16,955	-1,8	2,88	1,08
17,01	-1,44	5,4	3,06
17,062	-0,72	7,38	4,5
17,116	-0,18	9	5,58
17,172	0,54	9,72	5,76
17,223	0,9	9,72	5,22
17,276	1,26	9,18	4,14
17,328	1,44	7,74	2,52
17,382	1,26	5,76	0,72
17,433	0,72	3,42	-0,9
17,487	-0,18	0,72	-2,52
17,543	-1,44	-1,98	-3,6
17,602	-2,88	-4,68	-3,96
17,66	-4,14	-7,02	-3,78
17,719	-5,4	-8,46	-3,06
17,774	-6,12	-9	-2,16
17,834	-6,48	-8,82	-1,26
17,893	-6,12	-7,74	-0,54
17,952	-5,22	-5,76	0
18,007	-3,96	-3,24	0,18
18,062	-2,52	-0,54	0,18
18,12	-0,9	2,34	0
18,173	0,36	4,68	0,18
18,223	1,44	6,84	0,36
18,275	1,98	8,46	0,72
18,325	2,16	9,54	1,44
18,376	2,16	9,9	2,16
18,43	1,62	9,54	2,88
18,48	0,9	8,28	3,42
18,536	-0,18	6,48	3,6
18,591	-1,26	4,14	3,24
18,646	-2,16	1,62	2,34
18,7	-3,06	-1,26	0,9
18,757	-3,6	-3,96	-0,9
18,817	-4,14	-6,3	-2,7
18,876	-4,32	-8,1	-4,32
18,935	-4,32	-8,82	-5,4
18,993	-4,32	-9	-5,58
19,051	-4,14	-7,92	-5,04
19,112	-3,78	-6,12	-3,6
19,171	-3,42	-3,6	-1,62
19,233	-3,06	-0,9	0,72
19,291	-2,52	1,98	2,52
19,345	-1,8	4,5	3,96
19,399	-0,9	6,84	4,86
19,453	-0,18	8,46	5,04
19,51	0,72	9,36	4,5
19,561	1,44	9,72	3,6
19,611	1,8	9,36	2,34
19,665	1,8	8,1	0,9
19,72	1,62	6,3	-0,18
19,775	0,9	3,96	-1,26
19,83	-0,18	1,08	-1,98
19,886	-1,62	-1,62	-2,16
19,946	-3,06	-4,5	-1,98
20,005	-4,5	-6,66	-1,62
20,064	-5,58	-8,28	-1,26
20,123	-6,3	-9	-1,26
20,184	-6,48	-8,82	-1,26
20,243	-5,94	-7,56	-1,62
20,303	-4,86	-5,58	-1,8
20,362	-3,42	-3,06	-1,98
20,422	-1,8	-0,18	-1,8
20,483	-0,36	2,88	-1,08
20,539	0,72	5,4	-0,18
20,595	1,44	7,38	1,08
20,647	1,8	8,82	2,52
20,7	1,8	9,54	3,6
20,751	1,44	9,54	4,5
20,802	0,9	9	4,86
20,855	0,18	7,56	4,68
20,911	-0,72	5,4	3,78
20,965	-1,62	3,06	2,16
21,019	-2,34	0,36	0,36
21,072	-2,88	-2,16	-1,62
21,132	-3,42	-4,86	-3,6
21,192	-3,78	-7,02	-4,86
21,248	-3,96	-8,28	-5,58
21,308	-4,14	-8,82	-5,22
21,368	-4,32	-8,64	-4,32
21,427	-4,32	-7,38	-2,7
21,486	-4,14	-5,4	-0,72
21,545	-3,78	-2,7	0,9
21,602	-3,24	0	2,16
21,655	-2,52	2,52	3,06
21,709	-1,62	5,04	3,42
21,76	-0,72	7,02	3,42
21,813	0,36	8,46	2,88
21,864	1,08	9,36	2,34
21,918	1,8	9,72	1,62
21,968	2,16	9,18	0,9
22,022	2,16	7,92	0,54
22,072	1,62	6,12	0,18
22,125	0,72	3,96	0
22,175	-0,36	1,44	0
22,229	-1,8	-1,26	0
22,284	-3,24	-3,78	-0,18
22,342	-4,5	-6,12	-0,54
22,4	-5,58	-7,92	-1,08
22,457	-6,12	-8,64	-1,8
22,514	-6,3	-8,82	-2,7
22,571	-5,76	-8,1	-3,42
22,627	-4,86	-6,48	-3,6
22,685	-3,6	-4,32	-3,42
22,743	-2,16	-1,44	-2,7
22,801	-0,9	1,26	-1,26
22,856	0	3,6	0,18
22,903	0,72	5,76	1,8
22,954	1,26	7,56	3,24
23,005	1,26	8,82	4,5
23,055	1,26	9,36	5,22
23,106	0,9	9,36	5,4
23,159	0,36	8,82	4,86
23,209	-0,18	7,38	3,78
23,262	-0,72	5,58	2,16
23,314	-1,26	3,24	0,36
23,367	-1,8	0,72	-1,44
23,421	-2,34	-1,8	-3,06
23,478	-2,88	-4,5	-4,32
23,536	-3,24	-6,66	-4,68
23,594	-3,78	-8,1	-4,5
23,649	-4,14	-8,82	-3,78
23,705	-4,5	-8,64	-2,52
23,764	-4,68	-7,74	-1,26
23,822	-4,68	-5,94	0
23,878	-4,32	-3,6	0,9
23,933	-3,78	-0,9	1,44
23,989	-2,88	1,62	1,62
24,039	-1,98	4,14	1,62
24,09	-0,72	6,3	1,44
24,141	0,36	7,92	1,26
24,193	1,26	9	1,26
24,244	1,98	9,54	1,26
24,294	2,34	9,36	1,44
24,347	2,34	8,46	1,62
24,398	1,98	7,02	1,98
24,448	1,08	5,04	1,98
24,499	-0,18	2,7	1,98
24,553	-1,62	0	1,44
24,606	-3,06	-2,52	0,54
24,664	-4,32	-5,04	-0,54
24,723	-5,4	-7,02	-1,98
24,781	-5,94	-8,28	-3,24
24,837	-6,12	-8,64	-4,32
24,893	-5,58	-8,46	-4,86
24,951	-4,86	-7,2	-4,68
25,01	-3,6	-5,22	-3,78
25,067	-2,52	-2,88	-2,34
25,124	-1,26	-0,36	-0,54
25,182	-0,36	2,52	1,44
25,235	0,18	4,68	2,88
25,284	0,54	6,66	4,14
25,333	0,72	8,1	5,04
25,386	0,72	9	5,22
25,438	0,54	9,36	4,68
25,489	0,18	9	3,78
25,54	0	8,1	2,52
25,594	-0,36	6,3	0,9
25,645	-0,72	4,14	-0,54
25,699	-1,08	1,62	-1,8
25,753	-1,62	-0,9	-2,7
25,809	-2,16	-3,6	-3,24
25,87	-2,88	-5,94	-3,06
25,928	-3,6	-7,74	-2,7
25,987	-4,32	-8,64	-1,98
26,045	-4,86	-8,82	-1,44
26,103	-5,22	-7,92	-0,9
26,16	-5,22	-6,3	-0,72
26,221	-4,86	-3,96	-0,54
26,282	-3,96	-1,08	-0,54
26,342	-2,7	1,8	-0,36
26,397	-1,44	4,32	-0,18
26,451	-0,18	6,48	0,36
26,504	1,08	7,92	1,08
26,554	1,98	9	1,8
26,603	2,52	9,36	2,52
26,653	2,52	9,18	3,24
26,703	2,34	8,1	3,6
26,752	1,62	6,66	3,6
26,803	0,54	4,86	3,24
26,854	-0,72	2,52	2,34
26,907	-2,16	0	1,08
26,961	-3,6	-2,52	-0,54
27,019	-4,68	-4,86	-2,34
27,077	-5,4	-6,84	-3,78
27,137	-5,76	-8,1	-4,86
27,194	-5,58	-8,64	-5,22
27,251	-4,86	-8,28	-4,86
27,309	-4,14	-7,02	-3,78
27,367	-3,06	-5,04	-2,16
27,426	-2,16	-2,7	-0,36
27,484	-1,44	0	1,26
27,537	-0,9	2,52	2,7
27,589	-0,36	4,86	3,6
27,644	-0,18	6,84	4,14
27,698	0	8,28	3,96
27,75	0,18	9,18	3,42
27,8	0,18	9,36	2,7
27,85	0,18	8,82	1,8
27,902	0,18	7,74	0,9
27,952	0,18	6,12	0
27,999	-0,18	4,14	-0,72
28,054	-0,54	1,44	-1,08
28,107	-1,08	-1,08	-1,26
28,165	-1,98	-3,78	-1,44
28,225	-2,88	-6,12	-1,44
28,282	-3,96	-7,74	-1,44
28,339	-4,86	-8,46	-1,44
28,396	-5,4	-8,64	-1,8
28,454	-5,76	-7,74	-1,98
28,511	-5,58	-6,12	-2,34
28,569	-5,04	-3,96	-2,34
28,626	-3,78	-1,26	-1,8
28,687	-2,34	1,62	-1,26
28,744	-0,9	3,96	-0,18
28,799	0,54	6,12	1,08
28,852	1,62	7,74	2,34
28,905	2,16	8,82	3,42
28,956	2,52	9,18	4,32
29,009	2,34	8,82	4,5
29,063	1,62	7,92	4,32
29,115	0,72	6,3	3,6
29,165	-0,54	4,32	2,34
29,219	-1,8	1,98	0,72
29,27	-2,88	-0,36	-1,08
29,331	-4,14	-3,06	-2,88
29,39	-4,86	-5,4	-3,96
29,448	-5,04	-7,2	-4,68
29,505	-5,04	-8,1	-4,68
29,561	-4,68	-8,46	-4,14
29,619	-4,14	-7,92	-3,06
29,676	-3,42	-6,66	-1,62
29,734	-2,88	-4,5	-0,18
29,793	-2,16	-1,98	1,08
29,85	-1,8	0,54	1,98
29,902	-1,44	3,06	2,34
29,955	-1,08	5,22	2,52
30,007	-0,72	7,2	2,52
30,061	-0,36	8,46	2,16
30,115	0	9,18	1,8
30,165	0,36	9,18	1,44
30,215	0,72	8,46	1,26
30,268	0,72	7,2	0,9
30,318	0,72	5,4	0,9
30,371	0,36	3,24	0,72
30,421	-0,18	0,72	0,54
30,474	-1,08	-1,62	0,18
30,529	-2,16	-4,14	-0,36
30,587	-3,6	-6,3	-1,08
30,646	-4,68	-7,74	-1,98
30,705	-5,58	-8,28	-2,7
30,761	-6,12	-8,28	-3,42
30,819	-6,12	-7,2	-3,78
30,877	-5,4	-5,4	-3,42
30,936	-4,32	-3,06	-2,7
30,996	-2,88	-0,72	-1,44
31,054	-1,44	1,98	0
31,107	0	4,14	1,44
31,157	1,08	6,12	2,88
31,21	1,8	7,56	3,96
31,262	2,16	8,64	4,68
31,313	2,16	8,82	4,68
31,366	1,62	8,64	4,32
31,417	0,9	7,74	3,42
31,467	0	6,3	2,16
31,519	-1,08	4,32	0,72
31,572	-2,16	1,98	-0,9
31,628	-3,06	-0,54	-2,34
31,687	-3,78	-3,24	-3,24
31,749	-4,14	-5,58	-3,6
31,808	-4,32	-7,2	-3,6
31,864	-4,14	-8,1	-3,06
31,924	-3,96	-8,28	-2,34
31,98	-3,78	-7,56	-1,44
32,04	-3,42	-6,12	-0,54
32,101	-3,06	-3,78	0
32,159	-2,88	-1,26	0,36
32,214	-2,52	1,26	0,54
32,266	-1,98	3,6	0,72
32,318	-1,44	5,58	0,9
32,37	-0,72	7,38	1,26
32,424	0	8,46	1,44
32,476	0,54	9	1,8
32,526	1,26	8,82	2,16
32,576	1,44	8,1	2,34
32,628	1,44	6,66	2,52
32,682	1,26	4,68	2,34
32,739	0,36	2,34	1,8
32,789	-0,54	0	1,08
32,842	-1,8	-2,34	0
32,897	-3,24	-4,68	-1,44
32,956	-4,68	-6,48	-2,7
33,018	-5,76	-7,74	-3,78
33,076	-6,12	-8,1	-4,32
33,136	-6,12	-7,56	-4,32
33,196	-5,4	-6,48	-3,78
33,254	-4,32	-4,5	-2,52
33,312	-2,88	-2,34	-1,08
33,37	-1,44	0,36	0,54
33,422	-0,36	2,52	1,98
33,477	0,72	4,68	3,06
33,528	1,26	6,48	3,96
33,581	1,62	7,92	4,14
33,633	1,44	8,64	3,96
33,686	1,08	8,82	3,42
33,738	0,54	8,28	2,52
33,789	-0,18	7,02	1,26
33,845	-1,08	5,22	0,18
33,899	-1,8	3,06	-0,72
33,957	-2,34	0,54	-1,62
34,013	-2,88	-1,98	-1,98
34,073	-3,24	-4,5	-2,16
34,131	-3,42	-6,48	-2,16
34,19	-3,6	-7,74	-1,98
34,251	-3,78	-8,28	-1,8
34,312	-3,96	-7,74	-1,62
34,373	-3,96	-6,48	-1,44
34,435	-3,96	-4,32	-1,44
34,494	-3,6	-1,98	-1,08
34,554	-3,06	0,72	-0,72
34,609	-2,34	3,24	-0,18
34,666	-1,44	5,4	0,54
34,718	-0,54	7,02	1,44
34,773	0,54	8,28	2,34
34,826	1,26	8,64	3,06
34,877	1,8	8,46	3,6
34,93	1,98	7,74	3,6
34,981	1,8	6,3	3,42
35,035	1,08	4,5	2,7
35,088	0	2,52	1,62
35,138	-1,08	0,18	0,18
35,191	-2,52	-2,16	-1,26
35,251	-3,96	-4,5	-2,7
35,309	-5,22	-6,3	-3,78
35,369	-5,94	-7,38	-4,32
35,429	-5,94	-7,92	-4,32
35,49	-5,58	-7,56	-3,6
35,549	-4,68	-6,3	-2,52
35,608	-3,6	-4,5	-1,08
35,668	-2,16	-2,16	0,36
35,726	-1,08	0,54	1,62
35,781	-0,18	2,88	2,34
35,837	0,54	5,04	2,88
35,889	0,72	6,84	3,06
35,942	0,72	7,92	2,88
35,995	0,72	8,64	2,34
36,048	0,36	8,64	1,8
36,101	0	7,92	1,26
36,151	-0,54	6,66	0,72
36,206	-0,9	4,86	0,36
36,261	-1,26	2,52	0
36,317	-1,8	0	-0,36
36,373	-2,16	-2,34	-0,54
36,432	-2,52	-4,68	-1,08
36,49	-3,06	-6,66	-1,44
36,549	-3,6	-7,74	-1,98
36,608	-4,14	-8,1	-2,34
36,666	-4,5	-7,56	-2,7
36,724	-4,68	-6,3	-2,88
36,784	-4,5	-4,14	-2,52
36,844	-4,14	-1,8	-1,8
36,906	-3,24	0,9	-0,9
36,964	-2,16	3,24	0,36
37,017	-0,9	5,4	1,62
37,073	0,36	7,02	2,7
37,124	1,26	7,92	3,6
37,178	1,98	8,46	4,14
37,232	2,16	8,28	4,14
37,286	1,98	7,38	3,6
37,339	1,44	6,12	2,7
37,389	0,54	4,32	1,62
37,441	-0,72	2,16	0,18
37,496	-2,16	0	-1,26
37,552	-3,42	-2,34	-2,52
37,609	-4,5	-4,68	-3,42
37,669	-5,22	-6,48	-3,78
37,729	-5,58	-7,38	-3,6
37,788	-5,4	-7,74	-3,06
37,848	-4,68	-7,38	-2,16
37,907	-3,78	-6,12	-1,08
37,966	-2,88	-4,32	-0,18
38,023	-1,98	-1,8	0,54
38,08	-1,26	0,72	1,08
38,135	-0,72	3,06	1,44
38,189	-0,18	5,04	1,62
38,244	0	6,84	1,62
38,296	0	7,92	1,62
38,347	0	8,46	1,62
38,4	0	8,46	1,8
38,451	0	7,92	1,8
38,502	-0,18	6,48	1,8
38,556	-0,36	4,68	1,62
38,612	-0,54	2,34	1,26
38,666	-1,08	0,18	0,72
38,718	-1,62	-2,34	0
38,776	-2,34	-4,5	-0,9
38,835	-3,24	-6,3	-1,98
38,894	-4,14	-7,38	-2,88
38,954	-4,68	-7,74	-3,6
39,013	-5,22	-7,38	-3,78
39,072	-5,22	-6,12	-3,6
39,128	-5,04	-4,5	-2,7
39,189	-4,14	-2,16	-1,44
39,249	-2,88	0,36	0
39,304	-1,62	2,7	1,44
39,359	-0,36	4,86	2,7
39,413	0,72	6,48	3,6
39,465	1,44	7,56	3,96
39,517	1,98	8,28	4,14
39,569	2,16	8,28	3,6
39,622	1,8	7,74	2,88
39,674	1,08	6,48	1,8
39,726	0	5,04	0,72
39,777	-1,08	2,88	-0,54
39,833	-2,34	0,54	-1,62
39,892	-3,42	-1,98	-2,34
39,949	-4,32	-4,14	-2,52
40,01	-4,86	-6,12	-2,7
40,068	-4,86	-7,2	-2,34
40,126	-4,68	-7,74	-1,98
40,184	-4,32	-7,56	-1,62
40,244	-3,6	-6,3	-1,08
40,305	-2,88	-4,5	-0,9
40,361	-2,34	-2,34	-0,54
40,419	-1,8	0,18	-0,36
40,478	-1,44	2,7	0,18
40,533	-0,9	4,86	0,54
40,585	-0,72	6,48	1,08
40,638	-0,36	7,74	1,62
40,692	0	8,28	2,34
40,744	0,36	8,46	2,7
40,797	0,54	7,74	3,06
40,849	0,54	6,48	3,06
40,899	0,36	4,86	2,7
40,951	0	2,88	1,98
41,001	-0,54	0,72	0,9
41,056	-1,26	-1,62	-0,36
41,115	-2,34	-3,78	-1,8
41,172	-3,42	-5,76	-3,06
41,232	-4,5	-7,02	-3,96
41,294	-5,22	-7,56	-4,14
41,355	-5,58	-7,38	-3,96
41,413	-5,4	-6,3	-3,06
41,475	-4,86	-4,5	-1,8
41,536	-3,78	-2,34	-0,36
41,594	-2,52	0,18	1,08
41,649	-1,26	2,34	2,16
41,702	0	4,32	2,88
41,753	0,9	5,94	3,24
41,804	1,44	7,38	3,24
41,855	1,62	8,1	3,06
41,909	1,62	8,28	2,34
41,965	1,26	7,74	1,62
42,02	0,36	6,66	0,9
42,073	-0,54	5,04	0,18
42,128	-1,44	2,88	-0,36
42,185	-2,34	0,54	-0,72
42,239	-3,06	-1,8	-1,08
42,298	-3,78	-4,14	-1,26
42,359	-4,14	-6,12	-1,44
42,419	-4,32	-7,2	-1,62
42,477	-4,14	-7,74	-1,8
42,534	-3,96	-7,38	-1,98
42,593	-3,6	-6,3	-2,16
42,655	-3,24	-4,32	-1,98
42,714	-2,88	-2,16	-1,62
42,772	-2,34	0,36	-1,08
42,828	-1,98	2,7	-0,18
42,886	-1,26	4,86	0,9
42,939	-0,72	6,48	1,98
42,993	-0,18	7,56	2,88
43,045	0,36	8,1	3,42
43,095	0,72	8,1	3,78
43,149	1,08	7,56	3,78
43,2	1,08	6,3	3,24
43,252	0,72	4,68	2,34
43,305	0,18	2,7	1,08
43,357	-0,72	0,54	-0,36
43,414	-1,8	-1,8	-1,8
43,473	-3,06	-4,14	-3,06
43,534	-4,14	-5,94	-3,78
43,594	-5,04	-7,02	-3,96
43,654	-5,58	-7,38	-3,6
43,714	-5,58	-7,2	-2,7
43,771	-5,04	-6,12	-1,62
43,83	-4,32	-4,32	-0,54
43,888	-3,06	-2,16	0,54
43,944	-1,98	0	1,26
43,995	-0,9	2,16	1,8
44,049	0	4,14	1,98
44,098	0,72	5,76	2,16
44,153	1,08	7,2	1,98
44,204	1,26	7,92	1,8
44,255	1,08	8,28	1,62
44,307	0,72	7,92	1,44
44,359	0,18	6,84	1,26
44,408	-0,54	5,4	1,08
44,465	-1,26	3,42	0,9
44,518	-1,98	1,08	0,54
44,571	-2,52	-1,08	0,18
44,625	-3,06	-3,24	-0,36
44,684	-3,42	-5,22	-1,08
44,743	-3,78	-6,66	-1,8
44,802	-3,96	-7,38	-2,7
44,864	-4,14	-7,38	-3,06
44,921	-4,14	-6,66	-3,24
44,981	-3,96	-5,04	-3,06
45,043	-3,42	-2,7	-2,16
45,104	-2,88	-0,54	-1,08
45,164	-2,34	1,98	0,36
45,217	-1,62	4,14	1,62
45,271	-0,72	5,94	2,7
45,324	0	7,02	3,6
45,374	0,54	7,74	3,96
45,425	1,08	8,1	3,96
45,478	1,26	7,74	3,6
45,531	1,26	6,66	2,7
45,584	0,9	5,22	1,62
45,636	0,18	3,6	0,36
45,687	-0,72	1,44	-0,9
45,743	-1,8	-0,9	-1,98
45,804	-3,06	-3,24	-2,88
45,866	-4,14	-5,22	-3,06
45,924	-5,04	-6,66	-3,06
45,984	-5,4	-7,38	-2,52
46,042	-5,4	-7,38	-1,98
46,099	-4,86	-6,66	-1,26
46,156	-4,14	-5,04	-0,54
46,215	-3,06	-3,06	-0,18
46,275	-2,16	-0,72	0,36
46,331	-1,08	1,62	0,54
46,384	-0,36	3,78	0,72
46,439	0,18	5,58	0,9
46,49	0,54	6,84	1,26
46,542	0,72	7,92	1,62
46,596	0,72	8,1	1,8
46,65	0,54	7,92	2,16
46,704	0	6,84	2,16
46,756	-0,36	5,4	2,16
46,811	-0,9	3,24	1,8
46,867	-1,62	1,08	1,26
46,921	-2,16	-1,26	0,36
46,982	-2,7	-3,42	-0,9
47,043	-3,24	-5,4	-2,16
47,104	-3,78	-6,84	-3,24
47,163	-4,14	-7,38	-3,78
47,224	-4,32	-7,2	-3,96
47,283	-4,32	-6,3	-3,6
47,342	-4,14	-4,68	-2,7
47,399	-3,78	-2,7	-1,26
47,46	-2,88	-0,18	0,18
47,516	-2,16	1,98	1,62
47,57	-1,26	4,14	2,7
47,625	-0,36	5,94	3,42
47,68	0,54	7,2	3,78
47,731	1,08	7,92	3,6
47,783	1,26	7,92	3,06
47,835	1,44	7,56	2,34
47,887	1,08	6,66	1,26
47,937	0,54	5,22	0,36
47,988	-0,18	3,42	-0,54
48,047	-1,26	0,9	-1,26
48,105	-2,52	-1,44	-1,8
48,166	-3,6	-3,6	-1,98
48,225	-4,32	-5,58	-1,98
48,286	-4,86	-6,84	-1,8
48,344	-5,04	-7,38	-1,62
48,401	-4,86	-7,2	-1,62
48,46	-4,32	-6,3	-1,44
48,521	-3,6	-4,5	-1,26
48,584	-2,7	-2,34	-1,08
48,643	-1,8	0,18	-0,9
48,7	-1,08	2,52	-0,36
48,757	-0,36	4,68	0,36
48,811	0	6,12	1,08
48,862	0,36	7,38	1,98
48,914	0,54	7,92	2,7
48,965	0,54	8,1	3,06
49,016	0,36	7,56	3,24
49,067	0	6,48	3,24
49,117	-0,18	4,86	2,7
49,172	-0,72	2,88	1,8
49,225	-1,26	0,72	0,54
49,279	-1,98	-1,44	-0,9
49,339	-2,7	-3,6	-2,34
49,397	-3,42	-5,4	-3,42
49,456	-3,96	-6,66	-3,96
49,517	-4,32	-7,2	-3,96
49,577	-4,5	-7,02	-3,42
49,637	-4,5	-6,12	-2,52
49,696	-4,32	-4,5	-1,26
49,756	-3,6	-2,34	0
49,813	-2,88	0	1,08
49,868	-1,98	1,98	1,98
49,921	-0,9	4,14	2,52
49,976	-0,18	5,94	2,7
50,029	0,54	7,02	2,7
50,081	1,08	7,74	2,34
50,135	1,26	7,92	1,8
50,189	1,26	7,56	1,44
50,239	0,9	6,48	0,9
50,291	0,36	5,04	0,36
50,343	-0,54	3,06	0
50,399	-1,44	0,9	-0,18
50,456	-2,52	-1,44	-0,54
50,514	-3,42	-3,6	-0,9
50,575	-4,32	-5,58	-1,26
50,635	-4,68	-6,84	-1,62
50,695	-4,86	-7,2	-1,98
50,754	-4,68	-7,02	-2,34
50,814	-4,14	-5,94	-2,52
50,876	-3,6	-4,32	-2,34
50,936	-2,7	-2,16	-1,8
50,995	-1,98	0,18	-1,08
51,051	-1,26	2,52	0
51,105	-0,72	4,5	1,08
51,159	-0,18	6,12	2,16
51,214	0,18	7,2	3,06
51,264	0,36	7,74	3,6
51,315	0,54	7,92	3,78
51,368	0,54	7,38	3,6
51,42	0,18	6,3	3,06
51,469	-0,18	4,68	1,98
51,523	-0,72	2,88	0,72
51,575	-1,26	0,72	-0,54
51,631	-1,98	-1,44	-1,98
51,691	-2,7	-3,6	-2,88
51,75	-3,6	-5,4	-3,42
51,811	-4,14	-6,66	-3,6
51,873	-4,5	-7,2	-3,06
51,933	-4,68	-7,02	-2,34
51,991	-4,68	-5,94	-1,44
52,05	-4,14	-4,32	-0,36
52,111	-3,42	-2,16	0,54
52,169	-2,52	0	1,08
52,221	-1,62	2,16	1,44
52,276	-0,72	4,32	1,62
52,332	0,18	5,94	1,62
52,384	0,72	7,2	1,62
52,436	1,08	7,74	1,62
52,491	1,26	7,92	1,44
52,545	1,08	7,38	1,44
52,599	0,54	6,12	1,44
52,652	-0,18	4,5	1,26
52,704	-0,9	2,52	1,08
52,759	-1,8	0,36	0,72
52,81	-2,7	-1,62	0,18
52,868	-3,42	-3,78	-0,72
52,926	-4,14	-5,58	-1,62
52,985	-4,5	-6,66	-2,34
53,043	-4,68	-7,2	-3,06
53,104	-4,5	-7,02	-3,42
53,163	-4,14	-5,94	-3,42
53,222	-3,6	-4,32	-2,7
53,282	-2,88	-2,34	-1,62
53,341	-1,98	0	-0,36
53,397	-1,44	2,16	0,9
53,45	-0,72	4,32	2,16
53,505	-0,18	5,94	3,06
53,556	0,18	7,02	3,6
53,606	0,36	7,56	3,78
53,659	0,54	7,74	3,6
53,712	0,54	7,38	2,88
53,761	0,36	6,48	2,16
53,812	0	5,04	0,9
53,865	-0,54	3,06	-0,18
53,922	-1,08	0,9	-1,26
53,978	-1,98	-1,26	-1,98
54,035	-2,7	-3,42	-2,52
54,094	-3,42	-5,22	-2,7
54,154	-4,14	-6,66	-2,52
54,214	-4,68	-7,2	-2,16
54,274	-4,86	-7,02	-1,62
54,337	-4,68	-5,94	-1,08
54,397	-4,14	-4,32	-0,72
54,456	-3,42	-2,34	-0,36
54,514	-2,52	0	0
54,564	-1,62	1,98	0,18
54,619	-0,72	4,14	0,54
54,674	0	5,76	0,9
54,724	0,72	6,84	1,44
54,779	1,08	7,74	1,8
54,831	1,26	7,74	2,16
54,884	1,08	7,38	2,52
54,937	0,54	6,3	2,52
54,989	0	4,86	2,34
55,042	-0,9	2,88	1,8
55,094	-1,62	0,9	1,08
55,148	-2,52	-1,08	0
55,204	-3,24	-3,24	-1,26
55,263	-3,96	-5,04	-2,34
55,323	-4,32	-6,48	-3,24
55,383	-4,5	-7,02	-3,78
55,443	-4,32	-6,84	-3,78
55,503	-4,14	-6,12	-3,24
55,563	-3,6	-4,5	-2,16
55,625	-2,88	-2,34	-0,72
55,686	-2,16	-0,18	0,54
55,743	-1,62	2,16	1,8
55,799	-0,9	4,14	2,7
55,855	-0,36	5,76	3,06
55,909	0	7,02	3,24
55,96	0,36	7,56	3,06
56,01	0,54	7,74	2,52
56,062	0,54	7,2	1,8
56,113	0,54	6,3	1,08
56,164	0,18	4,86	0,36
56,214	-0,36	3,06	-0,36
56,271	-1,08	0,9	-0,9
56,327	-1,8	-1,26	-1,26
56,386	-2,7	-3,42	-1,44
56,443	-3,6	-5,22	-1,62
56,504	-4,32	-6,48	-1,8
56,564	-4,86	-7,02	-1,8
56,622	-5,04	-7,02	-1,8
56,681	-4,86	-5,94	-1,8
56,743	-4,14	-4,32	-1,62
56,803	-3,42	-2,34	-1,26
56,863	-2,34	0	-0,9
56,92	-1,44	2,34	-0,18
56,979	-0,36	4,5	0,72
57,035	0,36	5,94	1,44
57,087	0,72	7,02	2,16
57,138	1,08	7,56	2,88
57,19	1,08	7,74	3,24
57,24	0,72	7,2	3,24
57,293	0,18	6,12	2,88
57,344	-0,36	4,5	2,34
57,4	-1,08	2,7	1,26
57,452	-1,98	0,54	0,18
57,504	-2,7	-1,44	-1,08
57,565	-3,24	-3,6	-2,34
57,623	-3,78	-5,22	-3,24
57,683	-4,14	-6,48	-3,6
57,741	-4,32	-7,02	-3,6
57,801	-4,14	-6,84	-3,06
57,864	-3,96	-5,76	-2,16
57,923	-3,42	-4,14	-0,9
57,982	-2,88	-2,16	0,18
58,039	-2,34	0	1,08
58,092	-1,8	2,16	1,8
58,147	-1,08	4,14	2,16
58,201	-0,54	5,76	2,34
58,255	0	6,84	2,34
58,307	0,36	7,56	1,98
58,36	0,72	7,74	1,8
58,412	0,72	7,2	1,44
58,463	0,72	6,3	1,08
58,515	0,36	4,86	0,72
58,568	-0,18	2,88	0,36
58,622	-1,08	0,72	0
58,676	-1,98	-1,44	-0,36
58,739	-2,88	-3,6	-0,9
58,797	-3,78	-5,22	-1,26
58,855	-4,5	-6,48	-1,8
58,914	-5,04	-7,02	-2,34
58,972	-5,04	-6,84	-2,52
59,029	-4,68	-5,94	-2,7
59,088	-4,14	-4,32	-2,34
59,147	-3,24	-2,34	-1,8
59,206	-2,16	-0,18	-0,9
59,265	-1,26	1,98	0,18
59,319	-0,36	4,14	1,26
59,373	0,36	5,76	2,34
59,429	0,72	6,84	3,06
59,484	0,9	7,56	3,42
59,536	0,72	7,56	3,6
59,589	0,54	7,02	3,24
59,642	0	6,12	2,52
59,695	-0,54	4,5	1,44
59,749	-1,26	2,52	0,36
59,803	-1,8	0,54	-0,9
59,861	-2,52	-1,62	-1,98
59,92	-3,06	-3,78	-2,7
59,978	-3,6	-5,4	-3,06
60,039	-3,96	-6,48	-3,06
60,098	-4,14	-7,02	-2,7
60,157	-4,14	-6,66	-1,98
60,216	-3,96	-5,76	-1,26
60,275	-3,6	-3,96	-0,54
60,334	-3,24	-1,98	0,18
60,39	-2,52	0,18	0,54
60,442	-1,98	2,16	0,9
60,495	-1,26	4,14	1,26
60,551	-0,54	5,76	1,44
60,604	0	6,84	1,62
60,655	0,54	7,56	1,62
60,707	0,9	7,56	1,8
60,759	0,9	7,2	1,8
60,809	0,9	6,12	1,8
60,86	0,54	4,86	1,62
60,912	-0,18	2,88	1,26
60,966	-1,08	0,9	0,72
61,024	-2,16	-1,26	0
61,081	-3,06	-3,24	-0,9
61,138	-3,96	-5,04	-1,8
61,198	-4,68	-6,3	-2,52
61,257	-5,04	-6,84	-3,06
61,318	-5,04	-6,66	-3,24
61,377	-4,5	-5,76	-3,06
61,438	-3,78	-4,32	-2,34
61,5	-2,88	-2,34	-1,26
61,558	-1,98	0	-0,18
61,615	-1,08	1,98	1,08
61,669	-0,36	3,96	2,16
61,725	0,18	5,58	2,88
61,777	0,54	6,66	3,24
61,828	0,54	7,38	3,24
61,88	0,54	7,56	3,06
61,933	0,18	7,02	2,52
61,986	-0,18	6,12	1,62
62,039	-0,54	4,5	0,72
62,094	-1,08	2,7	-0,18
62,152	-1,62	0,54	-1,08
62,207	-2,34	-1,44	-1,62
62,266	-2,88	-3,6	-2,16
62,325	-3,42	-5,4	-2,34
62,384	-3,78	-6,48	-2,16
62,445	-4,14	-7,02	-1,98
62,506	-4,32	-6,66	-1,8
62,565	-4,14	-5,58	-1,44
62,622	-3,96	-3,96	-1,08
62,679	-3,42	-1,98	-0,72
62,738	-2,88	0,18	-0,18
62,795	-1,98	2,34	0,18
62,849	-1,08	4,32	0,72
62,902	-0,36	5,76	1,26
62,955	0,36	6,84	1,8
63,006	0,9	7,38	2,16
63,057	1,08	7,56	2,52
63,107	1,26	7,02	2,52
63,159	0,9	6,12	2,52
63,209	0,36	4,68	2,16
63,259	-0,36	3,06	1,44
63,312	-1,26	1,08	0,72
63,366	-2,34	-0,9	-0,36
63,424	-3,24	-3,06	-1,62
63,483	-4,14	-4,86	-2,52
63,543	-4,68	-6,12	-3,24
63,603	-4,86	-6,66	-3,42
63,663	-4,68	-6,66	-3,24
63,722	-4,32	-5,94	-2,7
63,783	-3,6	-4,5	-1,8
63,843	-2,7	-2,52	-0,54
63,901	-1,98	-0,36	0,54
63,958	-1,26	1,8	1,44
64,013	-0,54	3,78	2,16
64,066	-0,18	5,4	2,7
64,12	0,18	6,66	2,7
64,171	0,36	7,38	2,7
64,223	0,36	7,56	2,34
64,275	0,18	7,2	1,8
64,327	0	6,3	1,26
64,378	-0,36	4,86	0,72
64,431	-0,72	3,24	0,18
64,486	-1,26	1,08	-0,36
64,542	-1,8	-1,08	-0,9
64,601	-2,52	-3,06	-1,26
64,662	-3,24	-5,04	-1,62
64,722	-3,78	-6,3	-1,8
64,784	-4,32	-6,84	-1,98
64,843	-4,5	-6,66	-1,98
64,903	-4,5	-5,76	-1,98
64,961	-4,14	-4,32	-1,8
65,022	-3,6	-2,16	-1,26
65,083	-2,7	0	-0,72
65,142	-1,8	2,34	0,18
65,196	-0,9	4,14	0,9
65,249	0	5,76	1,62
65,3	0,54	6,66	2,34
65,352	1,08	7,38	2,88
65,402	1,26	7,56	3,06
65,452	1,08	7,02	3,06
65,503	0,72	6,12	2,7
65,555	0,18	4,86	1,98
65,605	-0,54	3,06	1,08
65,658	-1,44	1,26	0
65,713	-2,34	-0,9	-1,08
65,771	-3,24	-2,88	-2,16
65,83	-3,96	-4,86	-2,88
65,89	-4,5	-6,12	-3,24
65,95	-4,5	-6,84	-3,24
66,011	-4,5	-6,66	-2,7
66,071	-3,96	-5,94	-1,98
66,131	-3,42	-4,5	-1,08
66,191	-2,7	-2,52	-0,18
66,251	-1,98	-0,18	0,72
66,31	-1,44	1,98	1,26
66,365	-0,9	3,96	1,8
66,419	-0,36	5,58	1,98
66,474	0	6,66	1,98
66,526	0,18	7,38	1,98
66,578	0,18	7,56	1,8
66,631	0,36	7,02	1,62
66,682	0,18	6,12	1,44
66,734	-0,18	4,68	1,08
66,788	-0,54	2,88	0,72
66,843	-1,08	0,72	0,18
66,898	-1,8	-1,44	-0,36
66,958	-2,52	-3,42	-0,9
67,016	-3,42	-5,22	-1,62
67,076	-4,14	-6,3	-2,16
67,134	-4,5	-6,84	-2,52
67,194	-4,86	-6,66	-2,7
67,253	-4,68	-5,58	-2,7
67,315	-4,32	-4,14	-2,16
67,374	-3,42	-1,98	-1,26
67,435	-2,52	0,18	-0,36
67,491	-1,44	2,16	0,54
67,544	-0,72	4,14	1,62
67,599	0,18	5,58	2,34
67,651	0,72	6,66	2,88
67,701	1,08	7,2	3,24
67,752	1,08	7,38	3,24
67,802	0,9	7,02	2,88
67,857	0,36	6,12	2,16
67,907	-0,18	4,68	1,26
67,963	-1,08	2,7	0,36
68,015	-1,8	0,9	-0,72
68,071	-2,7	-1,08	-1,62
68,127	-3,42	-3,24	-2,16
68,184	-3,78	-4,86	-2,52
68,245	-4,14	-6,12	-2,7
68,303	-4,32	-6,84	-2,52
68,362	-4,14	-6,66	-1,98
68,421	-3,78	-5,76	-1,62
68,482	-3,42	-4,32	-0,9
68,539	-2,88	-2,52	-0,36
68,596	-2,34	-0,36	0,18
68,65	-1,8	1,62	0,54
68,701	-1,26	3,6	0,9
68,755	-0,72	5,22	1,26
68,81	-0,18	6,48	1,62
68,863	0,18	7,2	1,98
68,913	0,36	7,56	2,16
68,963	0,54	7,2	2,16
69,015	0,54	6,48	2,16
69,065	0,36	5,22	1,8
69,114	0	3,6	1,44
69,164	-0,72	1,8	0,9
69,217	-1,44	-0,18	0
69,274	-2,34	-2,34	-0,72
69,331	-3,24	-4,14	-1,62
69,389	-3,96	-5,58	-2,52
69,445	-4,5	-6,48	-3,06
69,504	-4,86	-6,66	-3,24
69,564	-4,86	-6,3	-3,06
69,621	-4,5	-5,22	-2,52
69,68	-3,78	-3,42	-1,62
69,741	-2,88	-1,44	-0,54
69,798	-1,98	0,72	0,54
69,851	-1,08	2,52	1,44
69,903	-0,18	4,32	2,16
69,956	0,36	5,76	2,7
70,007	0,72	6,66	2,88
70,057	0,72	7,2	2,88
70,107	0,72	7,38	2,52
70,159	0,54	6,84	1,98
70,211	0	5,94	1,44
70,263	-0,54	4,32	0,72
70,317	-1,26	2,52	0
70,371	-1,8	0,54	-0,72
70,428	-2,52	-1,44	-1,26
70,485	-3,06	-3,6	-1,62
70,546	-3,6	-5,22	-1,98
70,602	-3,96	-6,3	-2,16
70,66	-4,14	-6,66	-2,16
70,718	-4,14	-6,48	-1,98
70,775	-3,96	-5,76	-1,8
70,832	-3,6	-4,32	-1,44
70,892	-3,24	-2,34	-0,9
70,951	-2,52	0	-0,36
71,008	-1,98	1,98	0,18
71,061	-1,26	3,96	0,9
71,113	-0,54	5,4	1,44
71,166	0	6,48	1,98
71,217	0,36	7,2	2,52
71,267	0,72	7,38	2,7
71,317	0,72	7,02	2,7
71,368	0,72	6,3	2,52
71,42	0,36	4,86	1,98
71,471	-0,18	3,24	1,26
71,528	-1,08	1,26	0,36
71,58	-1,8	-0,72	-0,54
71,637	-2,88	-2,7	-1,62
71,694	-3,6	-4,5	-2,52
71,753	-4,32	-5,76	-2,88
71,81	-4,68	-6,48	-3,06
71,869	-4,86	-6,66	-3,06
71,927	-4,5	-5,94	-2,52
71,988	-3,96	-4,68	-1,62
72,045	-3,24	-2,88	-0,72
72,105	-2,34	-0,9	0,36
72,164	-1,44	1,26	1,08
72,215	-0,9	3,06	1,62
72,27	-0,18	4,86	2,16
72,325	0,18	6,12	2,34
72,375	0,54	7,02	2,34
72,424	0,54	7,38	2,16
72,476	0,54	7,2	1,98
72,526	0,18	6,48	1,62
72,577	-0,18	5,4	1,08
72,631	-0,72	3,78	0,72
72,685	-1,26	1,8	0,18
72,738	-1,8	0	-0,36
72,793	-2,34	-2,16	-0,9
72,849	-3,06	-3,96	-1,26
72,908	-3,6	-5,4	-1,8
72,966	-3,96	-6,48	-2,16
73,022	-4,14	-6,66	-2,34
73,081	-4,32	-6,3	-2,34
73,14	-4,14	-5,22	-2,16
73,2	-3,78	-3,6	-1,8
73,258	-3,24	-1,62	-1,08
73,317	-2,52	0,54	-0,18
73,374	-1,62	2,7	0,72
73,429	-0,9	4,32	1,44
73,481	-0,18	5,76	2,16
73,534	0,36	6,84	2,7
73,587	0,72	7,2	3,06
73,636	0,9	7,2	2,88
73,687	0,9	6,66	2,7
73,736	0,54	5,76	2,16
73,788	0	4,32	1,44
73,841	-0,72	2,52	0,36
73,893	-1,62	0,54	-0,36
73,947	-2,34	-1,26	-1,44
74,004	-3,24	-3,24	-2,16
74,061	-3,96	-4,86	-2,52
74,121	-4,5	-6,12	-2,88
74,18	-4,5	-6,66	-2,7
74,238	-4,5	-6,48	-2,34
74,295	-4,14	-5,58	-1,8
74,354	-3,6	-4,14	-1,08
74,415	-2,88	-2,34	-0,36
74,473	-2,16	-0,18	0,36
74,525	-1,44	1,8	0,9
74,581	-0,72	3,78	1,26
74,634	-0,36	5,22	1,62
74,687	0	6,48	1,8
74,739	0,36	7,2	1,98
74,791	0,36	7,38	1,98
74,843	0,36	7,02	1,98
74,895	0,18	6,12	1,8
74,945	-0,18	4,86	1,44
74,998	-0,72	3,06	1,08
75,05	-1,26	1,26	0,54
75,104	-1,8	-0,72	-0,18
75,163	-2,52	-2,7	-0,9
75,219	-3,24	-4,5	-1,62
75,276	-3,78	-5,76	-2,34
75,334	-4,14	-6,48	-2,7
75,395	-4,5	-6,48	-2,88
75,452	-4,5	-5,94	-2,7
75,51	-4,14	-4,68	-2,16
75,569	-3,6	-2,88	-1,44
75,627	-2,88	-0,9	-0,36
75,686	-1,98	1,26	0,54
75,74	-1,26	3,24	1,44
75,795	-0,36	4,86	2,16
75,849	0,18	6,12	2,7
75,9	0,72	6,84	2,88
75,95	0,9	7,2	2,88
76,004	0,9	7,02	2,52
76,055	0,54	6,3	1,98
76,107	0,18	5,22	1,26
76,156	-0,54	3,6	0,54
76,21	-1,26	1,8	-0,18
76,265	-1,98	-0,18	-1,08
76,324	-2,88	-2,34	-1,62
76,383	-3,6	-4,14	-1,98
76,441	-4,14	-5,58	-2,16
76,498	-4,32	-6,3	-2,16
76,557	-4,32	-6,66	-2,16
76,613	-4,14	-6,12	-1,8
76,675	-3,78	-4,86	-1,44
76,735	-3,24	-3,06	-0,9
76,796	-2,52	-1,08	-0,36
76,855	-1,8	1,26	0,18
76,909	-1,26	3,06	0,72
76,96	-0,72	4,68	1,08
77,014	-0,18	5,94	1,62
77,065	0,18	6,84	1,98
77,117	0,36	7,2	2,34
77,168	0,36	7,02	2,34
77,219	0,36	6,48	2,34
77,27	0,18	5,4	2,16
77,32	-0,18	3,96	1,62
77,374	-0,72	1,98	0,9
77,425	-1,44	0,18	0,18
77,477	-2,16	-1,62	-0,72
77,533	-2,88	-3,42	-1,8
77,592	-3,6	-5,04	-2,52
77,651	-4,14	-6,12	-2,88
77,707	-4,5	-6,48	-3,06
77,767	-4,5	-6,3	-2,88
77,824	-4,32	-5,4	-2,34
77,883	-3,96	-3,96	-1,44
77,94	-3,24	-2,16	-0,54
77,997	-2,34	0	0,36
78,05	-1,62	1,8	1,26
78,104	-0,72	3,78	1,8
78,16	0	5,22	2,34
78,212	0,36	6,3	2,52
78,262	0,72	7,02	2,52
78,314	0,72	7,2	2,34
78,365	0,54	6,84	1,8
78,415	0,36	6,12	1,44
78,465	-0,18	4,86	0,9
78,519	-0,72	3,06	0,36
78,572	-1,44	1,26	-0,18
78,627	-2,16	-0,72	-0,72
78,685	-2,88	-2,7	-1,26
78,742	-3,6	-4,5	-1,62
78,801	-3,96	-5,76	-1,8
78,859	-4,14	-6,48	-1,98
78,916	-4,14	-6,48	-2,16
78,976	-4,14	-5,76	-2,16
79,034	-3,78	-4,5	-1,8
79,094	-3,24	-2,88	-1,44
79,153	-2,7	-0,72	-0,72
79,211	-1,98	1,26	0
79,264	-1,26	3,24	0,72
79,318	-0,72	4,86	1,44
79,369	-0,18	6,12	2,16
79,423	0,18	6,84	2,52
79,473	0,54	7,2	2,88
79,525	0,54	7,02	2,88
79,576	0,54	6,3	2,52
79,626	0,18	5,22	1,98
79,679	-0,18	3,6	1,26
79,73	-0,9	1,8	0,36
79,784	-1,62	-0,18	-0,72
79,841	-2,52	-2,16	-1,62
79,899	-3,42	-3,96	-2,34
79,959	-3,96	-5,4	-2,88
80,017	-4,32	-6,3	-2,88
80,076	-4,5	-6,48	-2,7
80,134	-4,5	-5,94	-2,16
80,195	-3,96	-4,86	-1,44
80,252	-3,42	-3,24	-0,72
80,312	-2,7	-1,26	0,18
80,367	-1,98	0,72	0,72
80,42	-1,26	2,52	1,26
80,473	-0,54	4,32	1,62
80,527	0	5,58	1,8
80,576	0,36	6,48	1,8
80,627	0,54	7,02	1,98
80,677	0,54	7,02	1,8
80,728	0,36	6,66	1,8
80,779	0	5,58	1,44
80,83	-0,36	4,32	1,08
80,882	-0,9	2,52	0,72
80,937	-1,44	0,72	0,18
80,988	-2,16	-1,26	-0,36
81,045	-2,88	-3,06	-0,9
81,101	-3,42	-4,68	-1,62
81,159	-3,96	-5,76	-2,16
81,216	-4,14	-6,3	-2,52
81,273	-4,32	-6,3	-2,7
81,332	-4,14	-5,58	-2,52
81,389	-3,78	-4,32	-2,16
81,448	-3,24	-2,52	-1,44
81,508	-2,52	-0,54	-0,54
81,565	-1,8	1,62	0,54
81,624	-1,08	3,6	1,44
81,679	-0,36	5,04	2,16
81,734	0,18	6,12	2,7
81,785	0,54	6,84	2,88
81,834	0,72	7,02	2,88
81,886	0,72	6,66	2,52
81,938	0,36	5,94	1,98
81,989	0	4,68	1,26
82,039	-0,54	3,06	0,36
82,094	-1,26	1,26	-0,36
82,151	-2,16	-0,72	-1,26
82,209	-2,88	-2,7	-1,8
82,268	-3,6	-4,5	-2,16
82,328	-4,14	-5,76	-2,34
82,386	-4,32	-6,3	-2,34
82,444	-4,32	-6,3	-1,98
82,502	-4,14	-5,58	-1,62
82,56	-3,78	-4,32	-1,08
82,618	-3,24	-2,7	-0,72
82,676	-2,52	-0,54	-0,18
82,737	-1,62	1,44	0,36
82,789	-1,08	3,24	0,9
82,842	-0,54	4,86	1,26
82,896	0	5,94	1,62
82,944	0,36	6,66	1,98
82,995	0,36	7,02	2,16
83,044	0,54	6,84	2,16
83,095	0,36	6,3	2,16
83,145	0	5,22	1,8
83,196	-0,36	3,6	1,44
83,249	-0,9	1,98	0,9
83,305	-1,62	0	0
83,356	-2,34	-1,8	-0,72
83,414	-3,06	-3,6	-1,62
83,472	-3,78	-5,04	-2,34
83,53	-4,14	-6,12	-2,88
83,588	-4,32	-6,3	-2,88
83,646	-4,32	-5,94	-2,88
83,706	-4,14	-4,86	-2,16
83,766	-3,6	-3,42	-1,44
83,826	-2,88	-1,62	-0,36
83,885	-2,16	0,54	0,54
83,939	-1,26	2,52	1,44
83,996	-0,72	4,32	1,98
84,051	0	5,58	2,34
84,104	0,36	6,48	2,52
84,156	0,54	7,02	2,52
84,208	0,54	7,02	2,16
84,26	0,36	6,3	1,8
84,311	0	5,4	1,26
84,362	-0,36	3,96	0,54
84,416	-1,08	2,16	0
84,47	-1,62	0,18	-0,54
84,526	-2,34	-1,62	-1,08
84,582	-3,06	-3,6	-1,62
84,642	-3,78	-5,04	-1,8
84,702	-4,14	-5,94	-1,98
84,761	-4,32	-6,3	-1,98
84,822	-4,32	-5,94	-1,98
84,881	-3,96	-5,04	-1,62
84,942	-3,42	-3,24	-1,26
85,004	-2,88	-1,26	-0,72
85,063	-2,16	0,72	-0,18
85,12	-1,44	2,7	0,54
85,174	-0,72	4,32	1,26
85,227	-0,18	5,76	1,8
85,283	0,36	6,66	2,34
85,335	0,54	7,02	2,52
85,387	0,54	6,84	2,7
85,437	0,36	6,3	2,52
85,488	0	5,22	1,98
85,541	-0,36	3,6	1,44
85,596	-1,08	1,8	0,54
85,65	-1,62	0	-0,36
85,704	-2,34	-1,8	-1,26
85,765	-3,24	-3,78	-2,16
85,825	-3,78	-5,22	-2,7
85,883	-4,14	-5,94	-2,88
85,945	-4,32	-6,3	-2,88
86,005	-4,32	-5,76	-2,34
86,062	-3,96	-4,86	-1,8
86,118	-3,42	-3,24	-0,9
86,177	-2,88	-1,44	0
86,233	-2,16	0,54	0,72
86,287	-1,44	2,34	1,26
86,342	-0,72	4,14	1,8
86,394	-0,18	5,4	1,98
86,447	0,18	6,3	2,16
86,496	0,36	6,84	2,16
86,547	0,54	6,84	1,98
86,598	0,36	6,48	1,62
86,647	0,18	5,58	1,26
86,701	-0,36	4,14	0,9
86,754	-0,9	2,52	0,54
86,807	-1,44	0,72	0
86,858	-2,16	-1,08	-0,54
86,915	-2,88	-2,88	-1,08
86,972	-3,42	-4,5	-1,62
87,031	-3,96	-5,76	-1,98
87,092	-4,32	-6,3	-2,34
87,149	-4,32	-6,12	-2,34
87,207	-4,14	-5,4	-2,34
87,263	-3,78	-4,14	-1,98
87,322	-3,24	-2,34	-1,26
87,382	-2,34	-0,18	-0,54
87,443	-1,62	1,8	0,36
87,495	-0,9	3,42	1,26
87,548	-0,36	4,86	1,8
87,6	0	5,94	2,34
87,652	0,36	6,66	2,7
87,702	0,54	6,84	2,7
87,753	0,54	6,66	2,7
87,803	0,36	5,94	2,16
87,854	-0,18	4,68	1,44
87,906	-0,72	3,24	0,72
87,96	-1,26	1,44	-0,18
88,017	-1,98	-0,54	-1,08
88,077	-2,7	-2,52	-1,8
88,133	-3,42	-4,14	-2,34
88,191	-3,78	-5,4	-2,52
88,249	-4,14	-6,12	-2,52
88,305	-4,32	-6,12	-2,34
88,364	-4,14	-5,58	-1,8
88,426	-3,78	-4,5	-1,26
88,483	-3,24	-2,88	-0,54
88,54	-2,7	-0,9	0
88,593	-1,98	0,9	0,54
88,647	-1,26	2,7	0,9
88,701	-0,72	4,32	1,26
88,753	-0,18	5,58	1,62
88,805	0,18	6,48	1,8
88,857	0,36	6,84	1,98
88,908	0,54	6,84	1,98
88,958	0,36	6,3	1,8
89,007	0	5,22	1,62
89,057	-0,36	3,96	1,26
89,112	-0,9	2,16	0,72
89,165	-1,62	0,36	0,18
89,215	-2,16	-1,44	-0,54
89,274	-3,06	-3,24	-1,26
89,332	-3,6	-4,86	-1,98
89,39	-4,14	-5,76	-2,34
89,447	-4,32	-6,12	-2,7
89,506	-4,32	-5,94	-2,7
89,564	-4,14	-5,04	-2,34
89,623	-3,6	-3,78	-1,8
89,683	-3,06	-1,98	-0,9
89,741	-2,34	0	0
89,795	-1,62	1,8	0,9
89,849	-0,9	3,6	1,62
89,902	-0,36	5,04	2,16
89,957	0,18	6,12	2,52
90,007	0,36	6,66	2,7
90,057	0,54	6,84	2,52
90,108	0,36	6,48	2,16
90,159	0,18	5,76	1,62
90,209	-0,18	4,5	1,08
90,263	-0,72	2,88	0,36
90,315	-1,44	1,26	-0,36
90,371	-2,16	-0,9	-1,08
90,429	-2,7	-2,7	-1,62
90,489	-3,42	-4,32	-1,98
90,549	-3,78	-5,58	-2,16
90,607	-4,14	-6,12	-2,16
90,663	-4,32	-6,12	-1,98
90,723	-4,14	-5,4	-1,62
90,782	-3,78	-4,14	-1,26
90,841	-3,24	-2,52	-0,9
90,9	-2,52	-0,54	-0,36
90,959	-1,8	1,62	0,36
91,014	-1,08	3,24	0,72
91,066	-0,54	4,86	1,26
91,12	0	5,94	1,8
91,169	0,36	6,48	1,98
91,218	0,54	6,84	2,16
91,27	0,54	6,66	2,34
91,321	0,36	5,94	2,16
91,372	0	4,68	1,8
91,423	-0,54	3,24	1,26
91,478	-1,26	1,44	0,54
91,531	-1,98	-0,36	-0,36
91,593	-2,7	-2,34	-1,26
91,651	-3,42	-3,96	-1,98
91,709	-3,96	-5,22	-2,52
91,766	-4,32	-5,94	-2,88
91,826	-4,32	-6,12	-2,88
91,884	-4,14	-5,58	-2,52
91,941	-3,78	-4,5	-1,8
92	-3,24	-2,88	-1,08
92,058	-2,52	-1,08	0
92,114	-1,8	0,9	0,72
92,168	-1,26	2,7	1,44
92,22	-0,72	4,32	1,8
92,275	-0,18	5,58	2,16
92,329	0,18	6,3	2,34
92,381	0,36	6,84	2,16
92,431	0,36	6,66	1,98
92,481	0,18	6,12	1,62
92,532	0	5,22	1,08
92,582	-0,54	3,78	0,72
92,635	-1,08	1,98	0,18
92,689	-1,62	0,18	-0,36
92,745	-2,34	-1,62	-0,9
92,804	-3,06	-3,6	-1,44
92,864	-3,6	-4,86	-1,8
92,923	-3,96	-5,76	-1,98
92,981	-4,32	-6,12	-2,16
93,039	-4,32	-5,76	-2,16
93,098	-3,96	-4,86	-1,8
93,16	-3,6	-3,24	-1,44
93,219	-2,88	-1,44	-0,9
93,277	-2,16	0,54	-0,18
93,334	-1,44	2,52	0,54
93,387	-0,72	4,14	1,26
93,443	-0,18	5,4	1,8
93,497	0,18	6,3	2,34
93,55	0,54	6,66	2,52
93,601	0,54	6,66	2,52
93,651	0,36	6,12	2,34
93,702	0	5,22	1,98
93,752	-0,36	3,78	1,26
93,808	-1,08	1,98	0,54
93,862	-1,8	0,18	-0,36
93,92	-2,52	-1,62	-1,26
93,977	-3,06	-3,42	-1,98
94,036	-3,78	-4,86	-2,52
94,095	-4,14	-5,76	-2,7
94,152	-4,32	-6,12	-2,52
94,212	-4,14	-5,76	-2,16
94,272	-3,96	-4,86	-1,62
94,332	-3,42	-3,42	-0,9
94,391	-2,7	-1,44	-0,18
94,451	-2,16	0,54	0,54
94,504	-1,44	2,34	1,08
94,56	-0,9	3,96	1,44
94,614	-0,36	5,4	1,8
94,669	0	6,3	1,98
94,721	0,36	6,66	1,98
94,773	0,36	6,66	1,8
94,824	0,36	6,12	1,62
94,875	0	5,22	1,44
94,927	-0,36	3,78	0,9
94,981	-0,9	2,16	0,54
95,034	-1,62	0,36	0
95,085	-2,16	-1,44	-0,54
95,143	-2,88	-3,06	-1,26
95,202	-3,6	-4,68	-1,8
95,261	-3,96	-5,76	-2,16
95,319	-4,32	-6,12	-2,52
95,377	-4,32	-5,76	-2,52
95,436	-4,14	-5,04	-2,16
95,494	-3,78	-3,6	-1,8
95,553	-3,06	-1,8	-0,9
95,614	-2,34	0,18	-0,18
95,67	-1,44	1,98	0,72
95,724	-0,9	3,78	1,44
95,777	-0,18	5,04	1,98
95,831	0,18	6,12	2,52
95,883	0,36	6,48	2,7
95,934	0,54	6,66	2,52
95,987	0,36	6,3	2,34
96,037	0	5,4	1,8
96,089	-0,36	4,14	1,08
96,142	-0,9	2,52	0,36
96,195	-1,62	0,72	-0,36
