MIN=0	-90	-90	-90
MAX=80	90	90	90
SCALE=80	45	45	45
DEC=2	1	1	1
DEF="Tiempo" t / s	"Angulo" &a_A1 / °	"Angulo" &a_B1 / °	"Angulo" &a_A1 / °
0	0,9	9,18	0,72
0,05	0,72	9,36	0,54
0,101	0,72	9,54	0,54
0,15	0,72	9,72	0,54
0,201	0,72	9,9	0,72
0,253	0,72	9,9	0,9
0,304	0,9	9,9	1,26
0,355	1,08	9,54	1,44
0,407	1,26	8,64	1,62
0,458	1,26	7,2	1,8
0,512	1,26	5,22	1,8
0,565	1,08	2,7	1,62
0,616	0,72	0,18	1,44
0,665	0,18	-2,52	1,26
0,718	-0,54	-5,22	1,08
0,772	-1,44	-7,38	0,72
0,828	-2,34	-9,18	0,54
0,885	-3,24	-10,08	0,36
0,94	-3,78	-10,26	0,36
0,995	-4,14	-9,72	0,36
1,051	-4,14	-8,28	0,54
1,107	-3,6	-6,12	0,72
1,165	-2,7	-3,42	0,9
1,22	-1,62	-0,54	1,26
1,276	-0,36	2,16	1,44
1,332	0,9	4,68	1,62
1,383	1,98	6,84	1,8
1,435	2,7	8,28	1,8
1,488	3,06	9,18	1,62
1,537	3,24	9,54	1,44
1,587	2,88	9	1,26
1,639	2,16	7,92	1,08
1,693	1,26	6,12	0,9
1,744	0,18	3,96	0,72
1,794	-0,72	1,26	0,54
1,847	-1,62	-1,44	0,54
1,905	-2,52	-4,32	0,54
1,963	-3,06	-6,84	0,72
2,02	-3,24	-8,82	0,9
2,078	-3,24	-10,08	1,08
2,134	-2,88	-10,26	1,26
2,188	-2,52	-9,9	1,26
2,244	-2,16	-8,64	1,26
2,3	-1,62	-6,48	1,26
2,356	-1,26	-3,96	1,26
2,411	-0,9	-1,26	1,08
2,469	-0,54	1,8	0,9
2,523	-0,18	4,32	0,9
2,577	0,18	6,48	0,72
2,628	0,54	8,1	0,72
2,678	0,9	9,18	0,9
2,73	1,26	9,54	1,08
2,782	1,62	9,18	1,08
2,832	1,8	8,1	1,26
2,885	1,98	6,3	1,44
2,939	1,62	4,14	1,44
2,991	1,26	1,62	1,44
3,041	0,54	-0,9	1,44
3,095	-0,36	-3,78	1,26
3,152	-1,44	-6,48	1,26
3,209	-2,52	-8,46	1,08
3,265	-3,6	-9,72	0,72
3,322	-4,14	-10,26	0,54
3,378	-4,5	-10,08	0,36
3,433	-4,32	-8,82	0,36
3,489	-3,78	-7,02	0,36
3,547	-2,7	-4,32	0,54
3,603	-1,44	-1,44	0,9
3,663	0	1,26	1,08
3,713	1,08	3,78	1,26
3,767	1,98	5,94	1,44
3,822	2,7	7,74	1,62
3,874	2,88	9	1,8
3,925	2,88	9,36	1,8
3,977	2,52	9,18	1,62
4,026	1,8	8,28	1,62
4,08	0,9	6,48	1,26
4,133	0	4,5	1,08
4,184	-0,72	1,8	0,9
4,241	-1,62	-1,08	0,54
4,296	-2,16	-3,78	0,54
4,352	-2,52	-6,3	0,54
4,406	-2,7	-8,28	0,54
4,459	-2,7	-9,54	0,54
4,515	-2,52	-10,08	0,72
4,573	-2,34	-10,08	0,9
4,63	-2,16	-8,82	1,08
4,688	-1,98	-7,02	1,26
4,745	-1,62	-4,68	1,26
4,801	-1,44	-1,8	1,26
4,854	-1,08	0,9	1,26
4,907	-0,72	3,42	1,26
4,958	-0,18	5,76	1,08
5,011	0,36	7,56	1,08
5,06	0,9	8,64	1,08
5,109	1,44	9,36	0,9
5,16	1,98	9,18	0,9
5,21	2,16	8,64	0,9
5,26	2,34	7,2	1,08
5,312	2,16	5,22	1,08
5,364	1,62	2,88	1,08
5,414	0,9	0,54	1,26
5,464	-0,18	-2,16	1,26
5,519	-1,26	-4,86	1,26
5,576	-2,34	-7,2	1,26
5,631	-3,42	-8,82	1,08
5,689	-4,14	-9,9	1,08
5,745	-4,5	-10,08	0,9
5,799	-4,32	-9,54	0,72
5,855	-3,78	-8,1	0,72
5,912	-2,88	-6,12	0,72
5,968	-1,62	-3,42	0,72
6,025	-0,54	-0,72	0,72
6,08	0,72	1,98	0,9
6,133	1,44	4,5	1,08
6,185	2,16	6,48	1,26
6,235	2,34	8,1	1,44
6,288	2,34	9	1,44
6,339	2,16	9,36	1,62
6,389	1,62	9	1,62
6,44	1,08	7,92	1,62
6,491	0,54	6,3	1,44
6,54	-0,18	4,14	1,26
6,595	-0,72	1,44	1,08
6,647	-1,26	-1,26	0,9
6,702	-1,62	-3,96	0,72
6,758	-1,8	-6,48	0,54
6,813	-2,16	-8,46	0,54
6,868	-2,34	-9,54	0,54
6,923	-2,34	-10,08	0,54
6,977	-2,34	-9,9	0,72
7,032	-2,52	-8,82	0,9
7,088	-2,34	-7,02	1,08
7,146	-2,34	-4,5	1,26
7,202	-1,98	-1,8	1,26
7,256	-1,44	0,9	1,44
7,309	-0,9	3,6	1,44
7,362	-0,18	5,76	1,44
7,413	0,72	7,56	1,26
7,464	1,44	8,64	1,26
7,515	1,98	9,18	1,08
7,565	2,52	9,18	1,08
7,616	2,7	8,28	0,9
7,668	2,52	6,84	0,9
7,72	2,16	4,86	0,9
7,772	1,26	2,52	0,9
7,825	0,36	0	0,9
7,876	-0,72	-2,7	1,08
7,934	-1,98	-5,4	1,08
7,99	-3,06	-7,56	1,08
8,046	-3,78	-9,18	1,08
8,103	-4,32	-9,9	1,08
8,16	-4,32	-10,08	1,08
8,214	-3,78	-9,18	0,9
8,27	-3,06	-7,56	0,9
8,327	-1,98	-5,4	0,9
8,383	-0,9	-2,7	0,72
8,44	0,18	-0,18	0,72
8,494	0,9	2,7	0,9
8,544	1,44	4,86	0,9
8,596	1,98	6,84	1,08
8,646	1,98	8,28	1,08
8,697	1,98	9	1,26
8,748	1,62	9,18	1,44
8,8	1,26	8,64	1,44
8,851	0,72	7,56	1,44
8,902	0,36	5,76	1,44
8,956	-0,18	3,24	1,44
9,01	-0,54	0,72	1,26
9,061	-0,9	-1,8	1,08
9,118	-1,26	-4,68	0,9
9,174	-1,62	-7,02	0,72
9,23	-1,98	-8,64	0,72
9,284	-2,16	-9,72	0,54
9,34	-2,52	-10,08	0,54
9,396	-2,7	-9,54	0,54
9,452	-2,88	-8,28	0,72
9,506	-2,88	-6,3	0,9
9,562	-2,52	-3,78	1,08
9,615	-2,16	-1,08	1,26
9,672	-1,26	1,8	1,26
9,727	-0,36	4,14	1,44
9,779	0,54	6,3	1,44
9,829	1,26	7,74	1,44
9,881	2,16	8,82	1,44
9,934	2,7	9,18	1,44
9,986	2,88	8,82	1,26
10,038	2,7	7,74	1,08
10,09	2,34	6,12	1,08
10,14	1,62	4,14	0,9
10,191	0,72	1,8	0,9
10,239	-0,36	-0,72	0,9
10,295	-1,62	-3,42	0,9
10,352	-2,7	-5,94	0,9
10,408	-3,6	-8,1	0,9
10,462	-3,96	-9,36	0,9
10,519	-4,14	-9,9	1,08
10,575	-3,78	-9,72	1,08
10,63	-3,24	-8,82	1,08
10,688	-2,34	-7,02	1,08
10,745	-1,44	-4,68	1,08
10,801	-0,36	-1,98	1,08
10,858	0,36	0,72	0,9
10,909	0,9	3,24	0,9
10,96	1,26	5,4	0,9
11,011	1,44	7,2	1,08
11,063	1,44	8,46	1,08
11,114	1,44	9,18	1,08
11,167	1,26	9	1,26
11,217	1,08	8,28	1,26
11,268	0,72	7,02	1,26
11,319	0,54	5,04	1,26
11,37	0,18	2,88	1,26
11,421	0	0,36	1,26
11,472	-0,54	-2,52	1,26
11,53	-0,9	-5,04	1,08
11,586	-1,44	-7,38	0,9
11,642	-1,98	-9	0,9
11,699	-2,52	-9,9	0,72
11,752	-3,06	-9,9	0,72
11,809	-3,24	-9,18	0,72
11,866	-3,42	-7,74	0,72
11,922	-3,06	-5,58	0,72
11,977	-2,7	-3,06	0,9
12,032	-1,8	-0,36	1,08
12,089	-0,72	2,52	1,26
12,142	0,18	4,68	1,26
12,193	1,26	6,66	1,44
12,243	1,98	8,1	1,44
12,295	2,7	8,82	1,44
12,347	2,88	9	1,44
12,399	2,88	8,64	1,44
12,449	2,52	7,38	1,26
12,501	1,8	5,76	1,08
12,552	0,9	3,6	1,08
12,603	-0,18	1,08	0,9
12,656	-1,26	-1,44	0,72
12,713	-2,34	-4,32	0,72
12,77	-3,06	-6,66	0,72
12,826	-3,6	-8,46	0,72
12,88	-3,78	-9,54	0,9
12,937	-3,6	-9,9	0,9
12,994	-3,06	-9,54	0,9
13,049	-2,52	-8,1	1,08
13,108	-1,62	-6,12	1,08
13,164	-0,9	-3,6	1,08
13,223	-0,18	-0,9	1,08
13,278	0,36	1,62	1,08
13,331	0,54	4,14	1,08
13,38	0,9	6,12	1,08
13,429	0,9	7,56	1,08
13,478	1,08	8,64	1,08
13,528	1,08	9	1,08
13,577	1,08	8,82	1,08
13,627	1,08	8,1	1,08
13,678	1,08	6,66	1,08
13,726	0,9	4,68	1,26
13,777	0,72	2,52	1,26
13,83	0,36	-0,18	1,26
13,884	-0,18	-2,88	1,26
13,941	-0,9	-5,4	1,08
13,995	-1,62	-7,56	1,08
14,053	-2,34	-9	0,9
14,11	-3,06	-9,72	0,9
14,166	-3,6	-9,72	0,72
14,222	-3,78	-8,82	0,72
14,281	-3,6	-7,02	0,72
14,339	-3,06	-4,86	0,72
14,393	-2,34	-2,34	0,9
14,449	-1,26	0,36	0,9
14,502	-0,18	2,88	1,08
14,555	0,9	5,22	1,26
14,607	1,8	7,02	1,26
14,656	2,34	8,1	1,44
14,706	2,88	8,82	1,44
14,758	2,88	9	1,44
14,809	2,7	8,28	1,44
14,861	1,98	7,02	1,44
14,911	1,26	5,22	1,26
14,963	0,36	3,06	1,08
15,014	-0,72	0,54	1,08
15,067	-1,62	-1,98	0,9
15,123	-2,52	-4,5	0,72
15,178	-3,06	-6,84	0,72
15,234	-3,24	-8,64	0,72
15,289	-3,42	-9,54	0,72
15,345	-3,06	-9,72	0,72
15,401	-2,7	-9,36	0,9
15,458	-2,16	-7,92	0,9
15,515	-1,62	-5,94	1,08
15,572	-1,08	-3,24	1,08
15,627	-0,54	-0,72	1,26
15,683	-0,18	1,98	1,26
15,737	0,18	4,32	1,26
15,787	0,54	6,3	1,26
15,839	0,72	7,74	1,26
15,889	0,9	8,64	1,26
15,942	1,26	9	1,08
15,993	1,26	8,64	1,08
16,043	1,44	7,56	1,08
16,094	1,44	5,94	1,08
16,144	1,26	3,96	1,08
16,195	0,72	1,44	1,08
16,248	0,18	-0,9	1,08
16,302	-0,54	-3,78	1,08
16,36	-1,44	-6,3	1,08
16,417	-2,16	-8,1	1,08
16,473	-3,06	-9,36	1,08
16,531	-3,6	-9,72	0,9
16,586	-3,96	-9,36	0,9
16,642	-3,78	-8,28	0,9
16,699	-3,42	-6,48	0,9
16,755	-2,7	-4,14	0,9
16,81	-1,62	-1,44	0,9
16,865	-0,54	1,26	0,9
16,919	0,54	3,6	1,08
16,971	1,44	5,58	1,08
17,022	2,16	7,38	1,26
17,074	2,52	8,46	1,26
17,127	2,7	8,82	1,26
17,178	2,52	8,64	1,44
17,229	1,98	7,92	1,44
17,28	1,26	6,3	1,44
17,332	0,54	4,5	1,26
17,382	-0,36	1,98	1,26
17,437	-1,26	-0,54	1,08
17,496	-1,98	-3,42	0,9
17,553	-2,52	-5,76	0,9
17,608	-2,88	-7,74	0,72
17,662	-2,88	-9	0,72
17,718	-2,88	-9,72	0,72
17,774	-2,52	-9,54	0,72
17,829	-2,34	-8,64	0,72
17,885	-1,98	-7,02	0,9
17,942	-1,44	-4,68	1,08
17,997	-1,08	-2,16	1,08
18,052	-0,72	0,54	1,26
18,105	-0,36	3,06	1,26
18,159	0	5,22	1,26
18,21	0,54	7,02	1,26
18,261	0,9	8,28	1,26
18,313	1,26	8,82	1,26
18,365	1,62	8,82	1,26
18,414	1,8	8,1	1,26
18,466	1,8	6,84	1,08
18,517	1,62	5,04	1,08
18,567	1,26	2,88	1,08
18,619	0,72	0,36	0,9
18,671	-0,18	-2,34	0,9
18,726	-1,08	-4,68	0,9
18,783	-2,16	-6,84	0,9
18,838	-2,88	-8,46	0,9
18,892	-3,6	-9,36	0,9
18,949	-3,96	-9,54	0,9
19,004	-3,96	-9	0,9
19,06	-3,6	-7,56	0,9
19,117	-2,88	-5,76	0,9
19,171	-1,98	-3,24	0,9
19,228	-0,9	-0,72	0,9
19,283	0,18	1,8	1,08
19,332	1,08	4,14	1,08
19,384	1,8	6,12	1,08
19,436	2,16	7,56	1,08
19,488	2,34	8,46	1,26
19,539	2,34	8,82	1,26
19,591	1,98	8,46	1,26
19,641	1,44	7,38	1,26
19,694	0,72	5,76	1,26
19,744	0	3,96	1,26
19,795	-0,72	1,44	1,26
19,848	-1,26	-1,08	1,08
19,903	-1,8	-3,78	1,08
19,961	-2,16	-6,12	0,9
20,018	-2,34	-7,92	0,9
20,073	-2,52	-9,18	0,72
20,13	-2,52	-9,54	0,72
20,186	-2,34	-9,36	0,72
20,242	-2,34	-8,28	0,72
20,296	-2,16	-6,48	0,9
20,353	-1,8	-4,14	0,9
20,409	-1,44	-1,44	1,08
20,467	-1,08	1,26	1,08
20,521	-0,54	3,78	1,26
20,574	0	5,76	1,26
20,624	0,72	7,38	1,26
20,676	1,26	8,28	1,26
20,727	1,62	8,82	1,26
20,779	1,98	8,46	1,26
20,829	2,16	7,56	1,26
20,882	1,98	6,12	1,08
20,936	1,62	4,14	1,08
20,988	1,08	1,8	1,08
21,04	0,18	-0,54	0,9
21,093	-0,72	-3,24	0,9
21,149	-1,8	-5,58	0,9
21,202	-2,88	-7,38	0,9
21,258	-3,6	-8,82	0,9
21,314	-3,96	-9,54	0,9
21,371	-3,96	-9,36	0,9
21,428	-3,78	-8,46	0,9
21,484	-3,06	-6,84	0,9
21,541	-2,16	-4,68	1,08
21,598	-1,08	-2,16	1,08
21,656	0	0,54	1,08
21,707	0,72	2,88	1,08
21,758	1,44	5,04	1,08
21,811	1,8	6,84	1,08
21,863	1,98	8,1	1,08
21,916	1,98	8,64	1,08
21,966	1,62	8,64	1,26
22,017	1,26	7,92	1,26
22,071	0,72	6,48	1,26
22,121	0,18	4,86	1,26
22,171	-0,18	2,52	1,26
22,225	-0,72	0	1,08
22,28	-1,26	-2,52	1,08
22,333	-1,62	-4,86	1,08
22,389	-1,98	-7,02	0,9
22,447	-2,16	-8,64	0,9
22,501	-2,34	-9,36	0,9
22,558	-2,52	-9,54	0,72
22,612	-2,52	-8,82	0,72
22,668	-2,52	-7,38	0,9
22,722	-2,34	-5,4	0,9
22,779	-2,16	-2,88	0,9
22,834	-1,62	-0,36	1,08
22,89	-0,9	2,34	1,08
22,943	-0,18	4,5	1,26
22,997	0,54	6,3	1,26
23,046	1,26	7,74	1,26
23,096	1,8	8,46	1,26
23,147	2,16	8,64	1,26
23,197	2,34	8,1	1,26
23,249	2,34	7,02	1,26
23,302	1,98	5,4	1,26
23,354	1,26	3,24	1,08
23,405	0,54	1,08	1,08
23,455	-0,36	-1,44	0,9
23,511	-1,44	-3,78	0,9
23,564	-2,52	-6,12	0,9
23,621	-3,24	-7,92	0,9
23,678	-3,78	-9	0,9
23,734	-3,96	-9,36	0,9
23,79	-3,78	-9	0,9
23,846	-3,06	-7,92	0,9
23,902	-2,34	-6,12	0,9
23,957	-1,44	-3,96	1,08
24,013	-0,54	-1,26	1,08
24,068	0,36	1,08	1,08
24,119	0,9	3,42	1,08
24,17	1,26	5,4	1,08
24,223	1,62	7,02	1,08
24,273	1,62	8,1	1,26
24,326	1,44	8,64	1,26
24,379	1,26	8,46	1,26
24,43	1,08	7,56	1,26
24,481	0,72	6,12	1,26
24,531	0,36	4,32	1,26
24,584	-0,18	1,98	1,08
24,637	-0,54	-0,54	1,08
24,691	-0,9	-3,06	1,08
24,749	-1,44	-5,58	0,9
24,804	-1,8	-7,38	0,9
24,861	-2,16	-8,82	0,9
24,918	-2,52	-9,36	0,9
24,972	-2,7	-9,36	0,9
25,027	-2,88	-8,46	0,9
25,082	-2,88	-6,84	0,9
25,137	-2,7	-4,68	0,9
25,193	-2,16	-2,34	0,9
25,249	-1,44	0,36	1,08
25,303	-0,72	2,88	1,08
25,355	0,18	4,68	1,26
25,403	0,9	6,48	1,26
25,454	1,62	7,74	1,26
25,503	2,16	8,46	1,26
25,556	2,34	8,46	1,26
25,608	2,52	7,92	1,26
25,661	2,16	6,66	1,26
25,713	1,62	5,04	1,26
25,763	0,9	2,88	1,08
25,815	0	0,72	1,08
25,865	-0,9	-1,8	0,9
25,919	-1,98	-4,14	0,9
25,975	-2,88	-6,48	0,9
26,03	-3,42	-8,1	0,9
26,085	-3,6	-9	0,9
26,141	-3,6	-9,36	0,9
26,198	-3,24	-8,82	0,9
26,255	-2,7	-7,56	0,9
26,312	-1,98	-5,76	0,9
26,368	-1,08	-3,24	1,08
26,428	-0,36	-0,72	1,08
26,484	0,36	1,98	1,08
26,539	0,72	4,14	1,08
26,592	1,08	6,12	1,08
26,645	1,26	7,56	1,26
26,699	1,26	8,28	1,26
26,752	1,26	8,46	1,26
26,803	1,08	7,92	1,26
26,857	0,9	6,84	1,26
26,907	0,72	5,22	1,26
26,96	0,36	3,06	1,26
27,012	0	0,72	1,08
27,062	-0,36	-1,62	1,08
27,119	-0,9	-4,14	1,08
27,175	-1,44	-6,3	0,9
27,23	-1,98	-8,1	0,9
27,287	-2,52	-9	0,9
27,342	-2,88	-9,18	0,9
27,4	-3,24	-8,82	0,9
27,455	-3,24	-7,56	0,9
27,512	-2,88	-5,58	0,9
27,571	-2,34	-3,24	0,9
27,628	-1,62	-0,54	1,08
27,687	-0,72	1,98	1,08
27,739	0,18	4,14	1,08
27,789	1,08	5,94	1,26
27,842	1,8	7,38	1,26
27,894	2,16	8,1	1,26
27,943	2,52	8,28	1,26
27,992	2,52	7,92	1,26
28,044	2,16	7,02	1,26
28,096	1,62	5,58	1,26
28,15	0,72	3,42	1,26
28,202	-0,18	1,08	1,08
28,255	-1,08	-1,26	1,08
28,312	-1,98	-3,78	0,9
28,367	-2,7	-5,94	0,9
28,424	-3,06	-7,74	0,9
28,481	-3,24	-8,82	0,9
28,539	-3,24	-9,18	0,9
28,598	-2,88	-8,82	0,9
28,653	-2,34	-7,56	0,9
28,709	-1,8	-5,76	0,9
28,765	-1,26	-3,6	1,08
28,822	-0,54	-0,9	1,08
28,878	0	1,44	1,08
28,928	0,36	3,6	1,08
28,98	0,54	5,58	1,26
29,032	0,9	7,02	1,26
29,084	1,08	7,92	1,26
29,137	1,26	8,28	1,26
29,188	1,26	8,1	1,26
29,241	1,26	7,02	1,26
29,292	1,08	5,58	1,26
29,344	0,9	3,6	1,08
29,393	0,54	1,62	1,08
29,442	0	-0,54	1,08
29,497	-0,54	-3,06	0,9
29,552	-1,26	-5,4	0,9
29,606	-1,98	-7,2	0,9
29,662	-2,52	-8,46	0,9
29,72	-3,06	-9	0,9
29,777	-3,42	-8,82	0,9
29,834	-3,42	-7,92	0,9
29,89	-3,24	-6,3	0,9
29,946	-2,52	-4,32	0,9
30,001	-1,8	-1,98	1,08
30,056	-0,9	0,54	1,08
30,11	0	2,7	1,08
30,162	0,9	4,86	1,08
30,212	1,44	6,48	1,26
30,263	1,98	7,56	1,26
30,313	2,34	8,1	1,26
30,364	2,34	8,1	1,26
30,416	2,16	7,56	1,26
30,469	1,62	6,3	1,26
30,519	0,9	4,5	1,26
30,572	0,18	2,52	1,26
30,623	-0,72	0,18	1,08
30,677	-1,44	-2,16	1,08
30,732	-2,16	-4,5	0,9
30,788	-2,7	-6,48	0,9
30,84	-2,88	-7,92	0,9
30,896	-2,88	-8,82	0,9
30,953	-2,88	-9	0,9
31,007	-2,52	-8,46	0,9
31,062	-2,16	-7,2	0,9
31,12	-1,62	-5,4	0,9
31,176	-1,26	-3,06	0,9
31,232	-0,72	-0,54	1,08
31,288	-0,36	1,98	1,08
31,342	0	3,96	1,08
31,395	0,36	5,76	1,26
31,444	0,72	7,2	1,26
31,499	1,08	7,92	1,26
31,552	1,26	8,1	1,26
31,604	1,44	7,74	1,26
31,655	1,44	6,66	1,26
31,707	1,26	5,04	1,26
31,759	0,9	3,06	1,08
31,809	0,54	0,9	1,08
31,859	0	-1,26	1,08
31,914	-0,9	-3,78	0,9
31,969	-1,62	-5,94	0,9
32,025	-2,34	-7,56	0,9
32,08	-3,06	-8,64	0,9
32,136	-3,42	-8,82	0,9
32,193	-3,6	-8,64	0,9
32,248	-3,42	-7,56	0,9
32,305	-2,88	-5,76	0,9
32,359	-2,16	-3,78	1,08
32,414	-1,26	-1,26	1,08
32,47	-0,36	1,08	1,08
32,524	0,54	3,42	1,08
32,577	1,26	5,22	1,26
32,628	1,8	6,66	1,26
32,679	2,16	7,74	1,26
32,731	2,16	8,1	1,26
32,783	1,98	7,92	1,26
32,837	1,62	7,02	1,26
32,888	0,9	5,76	1,26
32,94	0,36	3,96	1,08
32,99	-0,36	1,62	1,08
33,043	-1,08	-0,54	1,08
33,099	-1,62	-3,06	1,08
33,156	-2,16	-5,22	0,9
33,212	-2,34	-7,2	0,9
33,268	-2,52	-8,46	0,9
33,325	-2,52	-8,82	0,9
33,382	-2,52	-8,64	0,9
33,437	-2,34	-7,74	0,9
33,491	-1,98	-6,3	0,9
33,548	-1,62	-4,14	0,9
33,602	-1,26	-1,8	0,9
33,658	-0,9	0,54	1,08
33,711	-0,36	2,88	1,08
33,763	0	4,68	1,08
33,812	0,54	6,3	1,08
33,863	0,9	7,38	1,26
33,914	1,26	7,92	1,26
33,967	1,62	7,92	1,26
34,017	1,8	7,38	1,26
34,069	1,62	6,12	1,26
34,122	1,44	4,32	1,26
34,175	1,08	2,52	1,26
34,224	0,36	0,18	1,08
34,274	-0,36	-1,98	1,08
34,328	-1,26	-4,32	0,9
34,386	-2,16	-6,3	0,9
34,44	-2,88	-7,74	0,9
34,491	-3,42	-8,64	0,9
34,548	-3,6	-8,82	0,9
34,604	-3,6	-8,28	0,9
34,66	-3,24	-7,2	0,9
34,716	-2,52	-5,4	0,9
34,77	-1,8	-3,24	0,9
34,826	-0,72	-0,72	1,08
34,885	0,18	1,62	1,08
34,937	0,9	3,6	1,08
34,989	1,44	5,4	1,26
35,039	1,8	6,84	1,26
35,091	1,98	7,74	1,26
35,141	1,8	7,92	1,26
35,193	1,62	7,56	1,26
35,244	1,26	6,66	1,26
35,295	0,72	5,4	1,26
35,347	0,18	3,6	1,08
35,399	-0,36	1,26	1,08
35,453	-0,9	-1,08	1,08
35,508	-1,44	-3,42	0,9
35,564	-1,8	-5,58	0,9
35,621	-2,16	-7,2	0,9
35,678	-2,34	-8,28	0,9
35,735	-2,34	-8,64	0,9
35,79	-2,34	-8,46	0,9
35,847	-2,34	-7,38	0,9
35,904	-2,16	-5,76	0,9
35,959	-1,8	-3,6	0,9
36,016	-1,44	-1,08	1,08
36,077	-0,9	1,44	1,08
36,13	-0,36	3,6	1,08
36,183	0,18	5,22	1,08
36,236	0,72	6,66	1,26
36,286	1,26	7,56	1,26
36,337	1,62	7,92	1,26
36,386	1,98	7,56	1,26
36,436	1,98	6,84	1,26
36,487	1,8	5,58	1,26
36,538	1,26	3,78	1,26
36,591	0,72	1,62	1,08
36,64	0	-0,36	1,08
36,695	-0,9	-2,88	1,08
36,752	-1,98	-5,04	0,9
36,809	-2,7	-6,84	0,9
36,867	-3,24	-8,1	0,9
36,923	-3,42	-8,64	0,9
36,979	-3,42	-8,46	0,9
37,035	-3,06	-7,56	0,9
37,091	-2,52	-6,12	0,9
37,149	-1,8	-4,14	0,9
37,203	-0,9	-1,8	0,9
37,26	-0,18	0,54	1,08
37,313	0,54	2,7	1,08
37,365	1,08	4,5	1,08
37,415	1,44	6,12	1,26
37,467	1,62	7,2	1,26
37,518	1,62	7,74	1,26
37,569	1,44	7,74	1,26
37,621	1,26	7,02	1,26
37,675	0,72	5,94	1,26
37,725	0,36	4,14	1,26
37,779	0	2,16	1,08
37,829	-0,54	0	1,08
37,882	-0,9	-2,34	0,9
37,939	-1,44	-4,5	0,9
37,996	-1,8	-6,48	0,9
38,052	-2,16	-7,74	0,9
38,107	-2,34	-8,46	0,9
38,159	-2,52	-8,64	0,9
38,218	-2,52	-7,92	0,9
38,272	-2,52	-6,66	0,9
38,327	-2,34	-4,86	0,9
38,381	-1,98	-2,7	1,08
38,435	-1,44	-0,36	1,08
38,492	-0,72	1,98	1,08
38,545	0	3,78	1,08
38,594	0,54	5,58	1,26
38,647	1,08	6,84	1,26
38,698	1,62	7,56	1,26
38,75	1,98	7,74	1,26
38,802	1,98	7,2	1,26
38,857	1,98	6,3	1,26
38,91	1,44	4,68	1,26
38,961	0,9	2,88	1,08
39,011	0,18	0,9	1,08
39,062	-0,72	-1,44	1,08
39,119	-1,62	-3,6	1,08
39,174	-2,34	-5,76	0,9
39,23	-2,88	-7,2	0,9
39,289	-3,24	-8,28	0,9
39,344	-3,42	-8,46	0,9
39,402	-3,06	-8,1	0,9
39,457	-2,7	-7,02	0,9
39,513	-1,98	-5,4	0,9
39,567	-1,26	-3,24	0,9
39,622	-0,54	-1,08	1,08
39,679	0	1,26	1,08
39,73	0,54	3,24	1,08
39,781	0,9	5,04	1,08
39,835	1,08	6,48	1,26
39,887	1,26	7,38	1,26
39,94	1,26	7,56	1,26
39,991	1,26	7,38	1,26
40,043	0,9	6,48	1,26
40,094	0,72	5,22	1,26
40,146	0,36	3,42	1,26
40,195	0	1,44	1,08
40,246	-0,36	-0,72	1,08
40,299	-0,9	-2,88	0,9
40,355	-1,26	-5,04	0,9
40,409	-1,8	-6,66	0,9
40,467	-2,16	-7,92	0,9
40,52	-2,52	-8,46	0,9
40,575	-2,7	-8,28	0,9
40,629	-2,88	-7,56	0,9
40,685	-2,7	-6,12	0,9
40,742	-2,34	-4,14	0,9
40,798	-1,8	-1,98	1,08
40,856	-1,08	0,36	1,08
40,908	-0,36	2,52	1,08
40,963	0,36	4,5	1,26
41,015	0,9	5,94	1,26
41,064	1,44	7,02	1,26
41,116	1,8	7,38	1,26
41,165	1,98	7,56	1,26
41,217	1,98	6,84	1,26
41,271	1,62	5,76	1,26
41,322	1,08	4,14	1,26
41,374	0,54	2,34	1,08
41,425	-0,36	0,18	1,08
41,478	-1,08	-1,98	1,08
41,534	-1,98	-4,14	0,9
41,59	-2,52	-6,12	0,9
41,647	-2,88	-7,38	0,9
41,703	-3,06	-8,1	0,9
41,76	-3,06	-8,28	0,9
41,816	-2,7	-7,74	0,9
41,871	-2,34	-6,48	0,9
41,926	-1,62	-4,68	0,9
41,986	-1,08	-2,34	0,9
42,044	-0,36	0	1,08
42,097	0	1,98	1,08
42,146	0,54	3,78	1,08
42,196	0,72	5,4	1,08
42,246	0,9	6,48	1,26
42,298	1,08	7,2	1,26
42,351	1,08	7,56	1,26
42,404	1,08	7,02	1,26
42,456	0,9	6,12	1,26
42,508	0,72	4,68	1,26
42,559	0,54	2,88	1,26
42,61	0,18	0,9	1,08
42,66	-0,36	-1,26	1,08
42,715	-0,9	-3,42	1,08
42,771	-1,44	-5,4	0,9
42,827	-1,98	-7,02	0,9
42,88	-2,34	-7,92	0,9
42,936	-2,88	-8,28	0,9
42,991	-2,88	-7,92	0,9
43,046	-2,88	-7,02	0,9
43,102	-2,7	-5,58	0,9
43,156	-2,16	-3,6	0,9
43,213	-1,62	-1,26	1,08
43,272	-0,72	1,08	1,08
43,326	0	2,88	1,08
43,376	0,72	4,68	1,26
43,427	1,26	6,12	1,26
43,48	1,8	7,02	1,26
43,529	1,98	7,38	1,26
43,58	1,98	7,2	1,26
43,632	1,8	6,48	1,26
43,685	1,26	5,22	1,26
43,736	0,72	3,6	1,08
43,786	0	1,8	1,08
43,835	-0,72	-0,18	1,08
43,89	-1,44	-2,52	1,08
43,948	-1,98	-4,68	0,9
44,004	-2,52	-6,3	0,9
44,06	-2,88	-7,56	0,9
44,116	-2,88	-8,1	0,9
44,172	-2,7	-8,1	0,9
44,226	-2,34	-7,38	0,9
44,279	-2,16	-6,12	0,9
44,335	-1,62	-4,32	0,9
44,395	-1,08	-2,16	1,08
44,452	-0,54	0,18	1,08
44,505	-0,18	2,34	1,08
44,561	0,36	4,14	1,08
44,61	0,54	5,58	1,08
44,66	0,72	6,66	1,26
44,713	1,08	7,2	1,26
44,769	1,26	7,2	1,26
44,821	1,26	6,66	1,26
44,872	1,08	5,58	1,26
44,923	0,9	4,14	1,26
44,974	0,54	2,16	1,26
45,026	0,18	0,18	1,08
45,074	-0,36	-1,8	1,08
45,127	-0,9	-3,78	0,9
45,183	-1,62	-5,76	0,9
45,241	-2,34	-7,2	0,9
45,298	-2,7	-7,92	0,9
45,353	-3,06	-8,1	0,9
45,409	-3,06	-7,56	0,9
45,466	-2,88	-6,48	0,9
45,521	-2,52	-4,86	0,9
45,577	-1,8	-2,7	0,9
45,633	-1,08	-0,54	1,08
45,689	-0,18	1,62	1,08
45,742	0,54	3,6	1,08
45,794	1,08	5,04	1,26
45,844	1,44	6,3	1,26
45,896	1,8	7,02	1,26
45,948	1,8	7,2	1,26
46	1,62	6,84	1,26
46,053	1,26	5,94	1,26
46,107	0,9	4,5	1,26
46,156	0,18	2,88	1,08
46,208	-0,36	0,9	1,08
46,26	-1,08	-1,26	1,08
46,314	-1,62	-3,24	0,9
46,37	-2,16	-5,22	0,9
46,425	-2,34	-6,66	0,9
46,48	-2,52	-7,74	0,9
46,536	-2,52	-8,1	0,9
46,59	-2,52	-7,74	0,9
46,647	-2,16	-6,84	0,9
46,704	-1,8	-5,22	0,9
46,759	-1,44	-3,42	0,9
46,816	-1,08	-1,26	1,08
46,873	-0,54	1,08	1,08
46,926	-0,18	3,06	1,08
46,979	0,18	4,68	1,08
47,029	0,54	5,94	1,08
47,079	0,9	6,84	1,26
47,129	1,08	7,2	1,26
47,179	1,26	7,02	1,26
47,229	1,26	6,3	1,26
47,281	1,26	5,22	1,26
47,334	0,9	3,6	1,26
47,385	0,54	1,8	1,08
47,436	0	-0,18	1,08
47,492	-0,72	-2,52	1,08
47,552	-1,44	-4,68	0,9
47,614	-2,16	-6,48	0,9
47,67	-2,7	-7,38	0,9
47,726	-3,06	-7,92	0,9
47,782	-3,06	-7,74	0,9
47,839	-3,06	-6,84	0,9
47,894	-2,52	-5,4	0,9
47,947	-1,98	-3,78	0,9
48,002	-1,44	-1,8	0,9
48,057	-0,72	0,36	0,9
48,11	0	2,16	1,08
48,159	0,72	3,96	1,08
48,211	1,08	5,4	1,08
48,263	1,44	6,48	1,26
48,315	1,62	7,02	1,26
48,364	1,62	7,02	1,26
48,414	1,44	6,48	1,26
48,465	1,08	5,58	1,26
48,516	0,54	4,14	1,26
48,566	0	2,34	1,26
48,617	-0,54	0,36	1,08
48,67	-1,08	-1,62	1,08
48,727	-1,62	-3,78	0,9
48,783	-1,98	-5,58	0,9
48,839	-2,34	-6,84	0,72
48,896	-2,52	-7,74	0,72
48,953	-2,52	-7,92	0,72
49,009	-2,34	-7,38	0,9
49,066	-2,16	-6,3	0,9
49,12	-1,8	-4,68	0,9
49,177	-1,44	-2,7	1,08
49,233	-1,08	-0,54	1,08
49,294	-0,54	1,8	1,08
49,348	0	3,6	1,26
49,398	0,36	5,04	1,26
49,449	0,72	6,12	1,26
49,499	1,08	6,84	1,26
49,548	1,44	7,02	1,26
49,598	1,44	6,66	1,26
49,649	1,44	5,76	1,08
49,701	1,08	4,5	1,08
49,753	0,72	2,88	1,08
49,804	0,36	1,08	1,08
49,854	-0,36	-1,08	0,9
49,91	-1,08	-3,06	0,9
49,967	-1,8	-5,04	0,9
50,024	-2,34	-6,48	0,9
50,082	-2,88	-7,38	0,9
50,137	-3,06	-7,74	0,9
50,194	-3,06	-7,56	0,9
50,252	-2,88	-6,48	0,9
50,308	-2,34	-5,04	1,08
50,364	-1,62	-3,06	1,08
50,42	-0,9	-1,08	1,08
50,477	-0,18	1,08	1,08
50,531	0,54	3,06	1,08
50,583	0,9	4,68	1,08
50,634	1,26	5,94	1,08
50,685	1,44	6,66	1,08
50,736	1,44	7,02	1,08
50,788	1,26	6,66	1,26
50,841	1,08	5,94	1,26
50,89	0,72	4,86	1,26
50,94	0,18	3,24	1,26
50,989	-0,18	1,44	1,26
51,042	-0,72	-0,72	1,08
51,099	-1,26	-2,7	1,08
51,155	-1,62	-4,68	1,08
51,213	-1,98	-6,3	0,9
51,271	-2,16	-7,38	0,9
51,329	-2,34	-7,74	0,9
51,388	-2,34	-7,56	0,9
51,443	-2,34	-6,66	0,9
51,499	-2,16	-5,22	0,9
51,553	-1,8	-3,42	0,9
51,609	-1,44	-1,44	1,08
51,666	-0,9	0,72	1,08
51,716	-0,36	2,52	1,08
51,77	0,18	4,32	1,26
51,818	0,72	5,58	1,26
51,87	1,08	6,48	1,26
51,919	1,44	6,84	1,26
51,97	1,44	6,84	1,26
52,02	1,44	6,3	1,26
52,071	1,44	5,22	1,26
52,124	1,08	3,78	1,08
52,177	0,54	1,98	1,08
52,227	-0,18	0	1,08
52,28	-0,72	-1,98	0,9
52,336	-1,62	-3,96	0,9
52,393	-2,16	-5,76	0,9
52,447	-2,7	-6,84	0,9
52,503	-2,88	-7,56	0,9
52,56	-3,06	-7,74	0,9
52,619	-2,88	-7,02	0,9
52,675	-2,34	-5,94	0,9
52,732	-1,8	-4,14	1,08
52,789	-1,26	-2,16	1,08
52,845	-0,54	0	1,08
52,897	0	1,8	1,08
52,948	0,54	3,6	1,08
53,002	0,9	5,04	1,08
53,056	1,26	6,3	1,08
53,108	1,26	6,84	1,08
53,161	1,26	6,84	1,08
53,213	1,08	6,3	1,08
53,266	0,9	5,4	1,08
53,315	0,54	3,96	1,08
53,365	0	2,34	1,08
53,417	-0,36	0,36	1,08
53,471	-0,72	-1,8	1,08
53,528	-1,26	-3,78	1,08
53,584	-1,62	-5,4	1,08
53,64	-1,98	-6,84	0,9
53,697	-2,34	-7,56	0,9
53,751	-2,52	-7,74	0,9
53,806	-2,52	-7,2	0,9
53,857	-2,34	-6,3	0,9
53,913	-2,16	-4,86	0,9
53,966	-1,8	-2,88	0,9
54,022	-1,26	-0,9	1,08
54,078	-0,72	1,26	1,08
54,132	0	3,06	1,08
54,182	0,54	4,5	1,26
54,232	0,9	5,76	1,26
54,283	1,26	6,48	1,26
54,335	1,62	6,84	1,26
54,387	1,62	6,66	1,26
54,439	1,44	5,76	1,26
54,491	1,26	4,68	1,26
54,542	0,72	3,06	1,26
54,592	0,18	1,44	1,08
54,642	-0,54	-0,72	1,08
54,701	-1,26	-2,88	0,9
54,757	-1,8	-4,68	0,9
54,813	-2,34	-6,3	0,9
54,869	-2,7	-7,2	0,9
54,924	-2,88	-7,56	0,9
54,978	-2,88	-7,38	0,9
55,033	-2,52	-6,66	0,9
55,089	-2,16	-5,4	0,9
55,143	-1,62	-3,78	1,08
55,2	-0,9	-1,62	1,08
55,258	-0,36	0,54	1,08
55,313	0,18	2,52	1,08
55,365	0,54	4,14	1,26
55,415	0,9	5,4	1,26
55,467	1,08	6,3	1,26
55,517	1,08	6,84	1,26
55,569	1,08	6,66	1,26
55,621	1,08	6,12	1,26
55,672	0,72	5,04	1,08
55,724	0,54	3,6	1,08
55,775	0,18	1,98	1,08
55,828	-0,18	-0,18	1,08
55,886	-0,72	-2,34	1,08
55,943	-1,26	-4,32	1,08
55,998	-1,8	-5,76	1,08
56,054	-2,16	-7,02	0,9
56,113	-2,52	-7,56	0,9
56,17	-2,7	-7,56	0,9
56,225	-2,7	-6,84	0,9
56,282	-2,52	-5,58	0,9
56,338	-2,16	-3,78	0,9
56,395	-1,62	-1,8	0,9
56,451	-0,9	0,36	1,08
56,505	-0,18	2,16	1,08
56,562	0,36	3,96	1,08
56,612	0,9	5,22	1,26
56,663	1,26	6,3	1,26
56,713	1,62	6,66	1,26
56,764	1,62	6,66	1,26
56,815	1,44	6,12	1,26
56,867	1,26	5,22	1,26
56,916	0,9	3,78	1,26
56,967	0,36	2,16	1,08
57,016	-0,36	0,18	1,08
57,071	-0,9	-1,8	1,08
57,127	-1,62	-3,78	0,9
57,183	-2,16	-5,4	0,9
57,239	-2,52	-6,66	0,9
57,296	-2,7	-7,38	0,9
57,351	-2,7	-7,56	0,9
57,407	-2,52	-7,02	0,9
57,463	-2,16	-5,94	0,9
57,519	-1,62	-4,32	0,9
57,579	-1,08	-2,34	1,08
57,638	-0,54	-0,18	1,08
57,695	0	1,8	1,08
57,749	0,36	3,6	1,26
57,8	0,72	5,04	1,26
57,849	0,9	6,12	1,26
57,901	1,08	6,66	1,26
57,951	1,08	6,66	1,26
58,002	1,08	6,3	1,26
58,053	0,9	5,4	1,26
58,105	0,72	4,14	1,08
58,154	0,36	2,52	1,08
58,204	0	0,72	1,08
58,253	-0,36	-1,08	1,08
58,308	-0,9	-3,06	0,9
58,367	-1,44	-5,04	0,9
58,423	-1,98	-6,3	0,9
58,479	-2,34	-7,2	0,9
58,536	-2,7	-7,38	0,9
58,592	-2,7	-7,2	0,9
58,646	-2,7	-6,3	0,9
58,701	-2,34	-4,86	0,9
58,756	-1,8	-3,06	1,08
58,811	-1,26	-1,08	1,08
58,868	-0,54	1,08	1,08
58,922	0	2,7	1,08
58,972	0,54	4,32	1,08
59,023	1,08	5,58	1,08
59,073	1,44	6,3	1,26
59,124	1,62	6,66	1,26
59,176	1,62	6,48	1,26
59,226	1,44	5,94	1,26
59,276	1,08	4,86	1,26
59,326	0,54	3,42	1,26
59,377	0	1,8	1,08
59,428	-0,54	-0,18	1,08
59,484	-1,26	-2,34	1,08
59,542	-1,8	-4,14	0,9
59,598	-2,16	-5,76	0,9
59,655	-2,52	-6,84	0,9
59,711	-2,52	-7,38	0,9
59,766	-2,52	-7,38	0,9
59,821	-2,34	-6,66	0,9
59,878	-1,98	-5,58	0,9
59,933	-1,62	-3,96	0,9
59,989	-1,08	-1,8	1,08
60,048	-0,54	0,36	1,08
60,102	-0,18	2,16	1,08
60,156	0,18	3,78	1,08
60,207	0,54	5,22	1,26
60,257	0,9	6,12	1,26
60,308	1,08	6,48	1,26
60,359	1,08	6,66	1,26
60,411	1,08	6,12	1,26
60,464	1,08	5,04	1,26
60,514	0,72	3,78	1,08
60,565	0,36	2,16	1,08
60,615	0	0,18	1,08
60,666	-0,54	-1,62	1,08
60,722	-1,08	-3,6	0,9
60,779	-1,62	-5,22	0,9
60,834	-2,16	-6,48	0,9
60,888	-2,52	-7,2	0,9
60,943	-2,7	-7,38	0,9
61,001	-2,88	-7,02	0,9
61,056	-2,7	-5,94	0,9
61,111	-2,16	-4,5	0,9
61,166	-1,62	-2,7	1,08
61,222	-1,08	-0,72	1,08
61,28	-0,36	1,44	1,08
61,335	0,36	3,24	1,08
