MIN=0	-90	-90	-90
MAX=160	90	90	90
SCALE=160	45	45	45
DEC=2	1	1	1
DEF="Tiempo" t / s	"Angulo" &a_A1 / °	"Angulo" &a_B1 / °	"Angulo" &a_A1 / °
0	-1,44	0,36	0
0,052	-1,44	0,54	0
0,106	-1,44	0,72	-0,18
0,162	-1,62	0,72	-0,18
0,219	-1,62	0,72	-0,18
0,277	-1,98	0,72	-0,18
0,334	-2,16	0,72	0
0,392	-2,16	0,54	0
0,446	-2,16	0,54	0,18
0,501	-2,16	0,36	0,18
0,555	-2,16	0,18	0,18
0,608	-1,98	0,18	0
0,661	-1,8	0	0
0,714	-1,8	0	-0,18
0,771	-1,62	0	-0,36
0,828	-1,62	0	-0,36
0,884	-1,8	0	-0,36
0,942	-1,98	0	-0,36
1	-1,98	0,18	-0,36
1,058	-2,16	0,18	-0,18
1,115	-2,16	0,36	0
1,167	-2,16	0,54	0,18
1,219	-2,16	0,54	0,18
1,273	-1,98	0,54	0,36
1,327	-1,8	0,72	0,36
1,381	-1,62	0,72	0,36
1,435	-1,62	0,72	0,18
1,488	-1,44	0,72	0
1,541	-1,44	0,54	-0,18
1,599	-1,62	0,54	-0,18
1,658	-1,62	0,36	-0,36
1,714	-1,8	0,36	-0,36
1,77	-1,98	0,18	-0,36
1,826	-2,16	0	-0,18
1,881	-2,34	0	-0,18
1,938	-2,34	0	0
1,992	-2,34	0	0
2,046	-2,16	0	0
2,1	-1,98	0	0
2,154	-1,8	0	0
2,206	-1,8	0,18	-0,18
2,264	-1,62	0,36	-0,18
2,318	-1,62	0,54	-0,18
2,376	-1,62	0,54	-0,18
2,431	-1,62	0,72	-0,18
2,488	-1,8	0,9	0
2,541	-1,8	0,9	0
2,595	-1,98	0,9	0,18
2,647	-1,98	0,9	0,18
2,7	-1,98	0,9	0,36
2,753	-1,98	0,72	0,36
2,807	-1,8	0,54	0,18
2,86	-1,8	0,54	0,18
2,913	-1,8	0,36	0
2,966	-1,62	0,36	-0,18
3,023	-1,62	0,36	-0,36
3,08	-1,62	0,36	-0,36
3,138	-1,8	0,54	-0,36
3,194	-1,8	0,54	-0,36
3,249	-1,98	0,72	-0,18
3,307	-1,98	0,72	0
3,361	-1,98	0,72	0,18
3,413	-1,98	0,72	0,36
3,468	-1,8	0,72	0,36
3,521	-1,8	0,72	0,36
3,574	-1,8	0,72	0,36
3,628	-1,62	0,9	0,18
3,684	-1,62	0,9	0
3,736	-1,62	0,9	-0,18
3,795	-1,62	0,72	-0,18
3,853	-1,62	0,72	-0,36
3,911	-1,8	0,54	-0,36
3,967	-1,8	0,54	-0,36
4,025	-1,8	0,54	-0,18
4,085	-1,8	0,54	0
4,139	-1,62	0,54	0,18
4,195	-1,62	0,54	0,18
4,248	-1,44	0,54	0,18
4,302	-1,44	0,72	0,18
4,355	-1,08	0,72	0,18
4,409	-0,72	0,72	0,36
4,464	0	0,72	0,72
4,515	0,72	0,72	0,9
4,565	1,44	0,72	0,9
4,617	2,16	0,72	0,72
4,668	2,88	0,72	0
4,719	3,24	0,72	-0,9
4,772	3,24	0,72	-2,16
4,827	2,88	0,72	-3,6
4,88	2,52	0,72	-5,04
4,936	2,34	0,72	-6,3
4,987	2,16	0,72	-7,2
5,04	2,52	0,54	-7,92
5,093	3,24	0,54	-8,46
5,146	3,96	0,54	-9
5,199	4,68	0,54	-9,54
5,254	5,4	0,54	-9,9
5,307	5,94	0,54	-10,26
5,359	6,3	0,54	-10,62
5,413	6,48	0,54	-10,98
5,467	6,48	0,54	-11,16
5,521	6,66	0,54	-11,52
5,576	6,84	0,54	-11,7
5,627	6,84	0,54	-11,88
5,682	6,84	0,54	-11,88
5,734	7,02	0,54	-12,06
5,788	7,2	0,54	-12,06
5,842	7,38	0,54	-12,24
5,897	7,38	0,54	-12,24
5,95	7,56	0,54	-12,42
6,002	7,56	0,54	-12,42
6,056	7,74	0,36	-12,6
6,107	7,74	0,36	-12,6
6,161	7,74	0,36	-12,6
6,216	7,74	0,36	-12,42
6,273	7,74	0,18	-12,42
6,326	7,74	0,18	-12,42
6,382	7,74	0,18	-12,42
6,437	7,74	0,18	-12,42
6,491	7,74	0,36	-12,6
6,547	7,92	0,36	-12,78
6,6	7,92	0,36	-12,78
6,655	8,1	0,36	-12,96
6,711	8,1	0,36	-12,96
6,764	8,1	0,36	-12,96
6,817	8,1	0,36	-13,14
6,871	8,1	0,36	-13,14
6,925	7,92	0,36	-13,14
6,977	7,92	0,36	-12,96
7,029	8,1	0,36	-12,96
7,083	8,1	0,36	-12,96
7,138	8,1	0,36	-12,96
7,192	8,1	0,36	-13,14
7,246	8,1	0,36	-13,5
7,302	8,28	0,36	-13,14
7,354	8,28	0,36	-11,52
7,409	8,46	0,54	-7,56
7,464	8,46	0,54	-2,16
7,518	6,66	0,72	3,6
7,569	3,6	0,72	8,28
7,62	-0,54	0,9	11,88
7,675	-5,04	1,08	13,14
7,729	-9	1,26	11,52
7,782	-11,52	1,26	7,92
7,834	-12,06	1,26	2,7
7,89	-10,62	1,08	-3,24
7,945	-7,56	0,9	-8,28
7,998	-3,42	0,54	-11,88
8,054	1,26	0,18	-12,96
8,106	4,86	-0,36	-11,52
8,161	7,56	-0,72	-7,38
8,22	8,1	-1,08	-1,62
8,278	6,48	-1,26	4,14
8,332	3,06	-1,26	8,46
8,382	-0,9	-1,08	11,52
8,438	-5,76	-0,72	11,88
8,494	-9,54	0	9,9
8,548	-11,88	0,54	5,76
8,602	-12,24	1,08	0,72
8,655	-10,62	1,44	-4,5
8,71	-7,38	1,8	-9
8,766	-2,7	1,98	-11,52
8,82	1,8	1,8	-11,7
8,874	5,76	1,62	-9,54
8,926	8,28	1,26	-5,58
8,978	8,82	0,72	-0,54
9,03	7,56	0,36	4,5
9,082	4,68	0	8,64
9,133	0,72	-0,36	11,34
9,185	-3,78	-0,54	11,7
9,241	-8,46	-0,54	9,36
9,296	-11,52	-0,54	5,22
9,351	-12,78	-0,36	0
9,405	-11,88	-0,18	-5,4
9,462	-9,18	-0,18	-9,72
9,519	-4,5	0	-12,06
9,577	0,54	0	-11,88
9,631	4,68	0	-9,18
9,686	7,56	0	-4,86
9,738	8,64	0	0,54
9,79	7,74	0,18	5,22
9,84	5,22	0,36	9,36
9,892	1,44	0,54	11,7
9,942	-2,7	0,9	11,88
9,994	-7,02	1,26	9,72
10,049	-10,26	1,44	5,76
10,101	-11,88	1,62	0,9
10,152	-11,7	1,62	-4,14
10,208	-9,54	1,44	-8,82
10,265	-5,76	1,08	-11,16
10,317	-1,44	0,54	-11,52
10,372	2,88	0	-9,36
10,426	6,3	-0,54	-5,4
10,481	8,1	-1,08	-0,36
10,538	7,74	-1,44	5,22
10,595	5,22	-1,44	8,82
10,648	1,62	-1,44	10,8
10,702	-3,06	-1,08	10,26
10,759	-7,56	-0,54	7,56
10,815	-10,98	0,18	3,42
10,866	-12,42	0,72	-1,08
10,922	-11,88	1,26	-5,76
10,976	-9,54	1,62	-9,36
11,032	-5,4	1,8	-10,8
11,087	-0,54	1,8	-9,9
11,144	4,14	1,44	-7,02
11,198	7,56	1,26	-2,52
11,253	9	0,72	2,52
11,305	8,46	0,54	6,66
11,354	6,3	0,18	9,54
11,406	2,7	0	10,98
11,46	-1,98	0	10,08
11,514	-6,66	-0,18	7,02
11,569	-10,44	0	2,52
11,623	-12,6	0	-2,34
11,68	-12,6	0	-7,02
11,736	-10,44	0	-10,26
11,79	-6,66	0	-11,16
11,845	-1,98	-0,18	-9,72
11,904	3,06	-0,36	-6,3
11,959	6,66	-0,36	-1,62
12,014	8,46	-0,54	3,6
12,07	8,28	-0,36	7,56
12,124	5,94	0	10,08
12,175	2,34	0,36	10,8
12,227	-1,98	0,9	9,18
12,279	-6,3	1,26	5,94
12,334	-10,08	1,62	1,44
12,388	-12,06	1,98	-3,24
12,444	-11,88	1,98	-7,38
12,501	-9,54	1,8	-9,72
12,557	-5,76	1,44	-10,08
12,61	-1,26	0,72	-8,28
12,667	3,42	0,18	-4,68
12,723	6,84	-0,54	-0,18
12,778	8,28	-1,08	4,32
12,829	7,92	-1,44	7,56
12,88	5,94	-1,44	9,54
12,934	2,16	-1,44	9,36
12,985	-2,16	-1,08	7,38
13,041	-7,02	-0,54	3,42
13,1	-10,8	0	-0,9
13,156	-12,6	0,72	-5,04
13,21	-12,24	1,08	-8,28
13,265	-9,72	1,44	-9,9
13,322	-5,58	1,44	-9
13,379	-0,72	1,44	-6,3
13,436	4,32	1,26	-2,16
13,491	7,56	0,9	2,34
13,543	9,18	0,72	6,12
13,594	8,64	0,54	9
13,645	6,48	0,36	10,08
13,7	2,7	0,36	9,18
13,75	-1,8	0,36	6,66
13,804	-6,48	0,36	2,52
13,859	-10,44	0,36	-1,98
13,916	-12,6	0,36	-6,3
13,973	-12,42	0,36	-9,18
14,028	-10,26	0,18	-10,08
14,086	-6,12	-0,18	-8,64
14,144	-1,26	-0,54	-5,22
14,203	3,6	-0,72	-0,72
14,261	7,02	-0,9	3,6
14,315	8,46	-0,9	7,2
14,369	7,92	-0,72	9,18
14,423	5,4	-0,18	9,36
14,476	1,44	0,36	7,74
14,525	-2,7	0,9	4,68
14,578	-7,02	1,44	0,72
14,63	-10,26	1,98	-3,42
14,687	-12,06	2,16	-7,02
14,743	-11,52	2,16	-8,82
14,799	-9	1,98	-8,82
14,855	-4,86	1,44	-6,66
14,912	-0,18	0,72	-3,06
14,968	4,14	0	0,9
15,019	7,02	-0,54	4,68
15,072	8,46	-1,08	7,56
15,126	7,74	-1,26	8,82
15,18	5,22	-1,26	8,1
15,234	1,26	-1,26	5,76
15,289	-3,6	-0,9	1,98
15,345	-8,1	-0,36	-2,16
15,403	-11,34	0,18	-5,94
15,458	-12,6	0,54	-8,28
15,512	-11,88	0,9	-9,18
15,568	-9	1,08	-7,92
15,623	-4,5	1,08	-4,86
15,682	0,54	0,9	-1,08
15,736	4,68	0,72	3,06
15,786	7,56	0,54	6,3
15,837	9	0,54	8,46
15,888	8,46	0,54	9,18
15,94	6,12	0,54	8,28
15,991	2,34	0,72	5,58
16,044	-2,16	0,72	1,8
16,097	-6,66	0,9	-2,16
16,151	-10,26	0,9	-5,76
16,206	-12,24	0,9	-8,28
16,262	-12,24	0,54	-9
16,318	-9,9	0,18	-7,74
16,375	-5,94	-0,18	-4,68
16,434	-1,08	-0,72	-0,72
16,492	3,6	-1,08	3,24
16,545	6,66	-1,26	6,48
16,602	8,1	-1,26	8,28
16,658	7,56	-0,9	8,1
16,711	5,04	-0,36	6,3
16,766	1,08	0,18	3,42
16,815	-3,06	0,9	-0,36
16,873	-7,38	1,44	-4,14
16,928	-10,62	1,98	-6,84
16,984	-11,7	2,16	-8,1
17,039	-10,98	2,16	-7,74
17,094	-8,28	1,98	-5,4
17,15	-4,32	1,44	-1,98
17,204	0,18	0,9	1,62
17,254	3,96	0,18	4,86
17,305	6,84	-0,36	7,38
17,359	8,28	-0,72	8,28
17,411	7,74	-0,9	7,56
17,466	5,22	-1,08	5,4
17,517	1,62	-0,9	1,98
17,569	-2,7	-0,72	-1,8
17,624	-7,2	-0,36	-5,4
17,682	-10,62	0,18	-7,92
17,737	-12,24	0,36	-8,64
17,793	-11,7	0,54	-7,74
17,849	-9,18	0,54	-5,04
17,905	-5,22	0,54	-1,26
17,961	-0,54	0,54	2,7
18,016	3,78	0,36	5,94
18,067	6,84	0,36	7,92
18,116	8,28	0,36	8,64
18,168	8,1	0,54	7,74
18,219	6,12	0,72	5,22
18,273	2,7	0,9	1,8
18,325	-1,44	1,26	-1,98
18,382	-6,12	1,44	-5,58
18,437	-9,72	1,44	-7,74
18,494	-11,7	1,26	-8,28
18,552	-11,52	0,72	-7,02
18,609	-9,36	0,18	-4,14
18,665	-5,4	-0,36	0
18,722	-0,9	-0,9	3,6
18,779	3,24	-1,26	6,48
18,835	6,3	-1,44	7,74
18,889	7,56	-1,44	7,38
18,944	6,84	-1,08	5,4
19,001	4,32	-0,54	2,16
19,055	0,54	0,18	-1,44
19,11	-3,6	0,72	-4,86
19,166	-7,74	1,44	-7,2
19,222	-10,26	1,8	-7,92
19,278	-11,34	1,98	-7,02
19,334	-10,26	1,98	-4,32
19,392	-7,2	1,62	-0,54
19,449	-3,06	1,26	3,42
19,506	1,26	0,72	6,12
19,557	4,86	0,18	7,92
19,608	7,02	-0,18	8,1
19,664	7,74	-0,36	6,66
19,718	6,48	-0,54	3,78
19,769	3,78	-0,54	0,18
19,824	-0,18	-0,36	-3,96
19,888	-5,22	-0,18	-7,2
19,949	-9,18	0	-8,64
20,004	-11,34	0,18	-8,1
20,06	-11,52	0,18	-5,94
20,116	-9,72	0,18	-2,34
20,175	-6,12	0	1,8
20,23	-1,98	0	5,4
20,287	2,34	0	7,74
20,342	5,76	0	8,28
20,396	7,38	0,18	7,38
20,448	7,56	0,54	5,04
20,502	5,76	0,9	1,62
20,553	2,7	1,26	-1,98
20,609	-1,44	1,44	-5,4
20,665	-5,58	1,62	-7,56
20,722	-9	1,62	-8,1
20,779	-10,8	1,44	-6,66
20,835	-10,62	0,9	-3,6
20,892	-8,64	0,36	0
20,947	-5,4	-0,18	3,78
21,002	-1,44	-0,9	6,48
21,06	2,7	-1,26	7,74
21,116	5,4	-1,44	7,38
21,171	6,66	-1,44	5,22
21,226	6,12	-1,08	1,98
21,28	3,96	-0,72	-1,8
21,339	0,36	0	-5,4
21,393	-3,6	0,54	-7,74
21,452	-7,38	1,08	-8,28
21,508	-9,72	1,44	-7,02
21,563	-10,44	1,62	-4,32
21,619	-9,54	1,62	-0,54
21,675	-6,66	1,44	3,42
21,731	-3,06	1,08	6,66
21,786	0,9	0,72	8,28
21,836	3,96	0,54	8,64
21,887	6,12	0,18	7,2
21,939	7,02	0	4,32
21,992	6,12	0	0,9
22,043	3,96	0	-2,88
22,098	0,54	0	-6,12
22,151	-3,42	0	-8,46
22,207	-7,2	0	-8,82
22,263	-9,72	0	-7,2
22,32	-10,8	0	-4,14
22,377	-9,9	-0,18	0
22,433	-7,38	-0,36	3,96
22,49	-3,78	-0,36	6,84
22,545	0,18	-0,54	8,28
22,599	3,6	-0,36	8,1
22,653	5,76	0	6,3
22,704	6,66	0,36	3,24
22,756	5,94	0,72	-0,36
22,81	3,78	1,26	-4,32
22,868	0,36	1,62	-7,02
22,921	-3,24	1,8	-8,28
22,978	-6,84	1,8	-7,74
23,035	-9,18	1,62	-5,22
23,092	-9,9	1,26	-1,8
23,148	-8,82	0,72	2,16
23,2	-6,66	0,18	5,58
23,254	-3,42	-0,36	7,74
23,312	0,36	-0,9	8,28
23,366	3,42	-1,08	7,02
23,419	5,22	-1,26	4,32
23,474	5,76	-1,08	0,54
23,527	4,68	-0,9	-3,42
23,587	1,98	-0,36	-6,84
23,643	-1,26	0	-8,64
23,697	-4,68	0,54	-8,82
23,753	-7,74	0,9	-6,84
23,811	-9,36	1,08	-3,6
23,867	-9,54	1,26	0,72
23,922	-7,92	1,26	4,68
23,974	-5,4	1,08	7,56
24,028	-1,98	0,9	9
24,082	1,44	0,72	8,82
24,136	4,14	0,54	6,84
24,189	5,76	0,54	3,6
24,242	5,94	0,54	-0,54
24,297	4,68	0,54	-4,68
24,352	1,98	0,54	-7,56
24,406	-1,26	0,54	-9,18
24,462	-4,86	0,36	-8,64
24,515	-7,74	0,18	-6,48
24,572	-9,54	0	-2,88
24,628	-9,54	-0,36	1,62
24,686	-8,1	-0,54	5,58
24,743	-5,4	-0,72	8,1
24,799	-1,98	-0,72	8,82
24,858	1,44	-0,72	7,38
24,912	4,14	-0,36	4,5
24,969	5,4	0	0,9
25,02	5,22	0,54	-2,88
25,074	3,78	1,08	-6,48
25,131	1,08	1,44	-8,46
25,187	-2,16	1,8	-8,64
25,24	-5,04	1,8	-6,84
25,298	-7,56	1,8	-3,42
25,355	-8,64	1,44	0,72
25,409	-8,28	1,08	4,68
25,464	-6,66	0,54	7,74
25,521	-3,96	0	9
25,575	-0,9	-0,36	8,46
25,631	1,98	-0,72	6,12
25,686	3,96	-0,9	2,34
25,739	4,68	-0,9	-1,98
25,797	4,14	-0,72	-5,94
25,853	2,16	-0,54	-8,82
25,911	-0,54	-0,18	-9,72
25,969	-3,78	0,18	-8,46
26,024	-6,48	0,36	-5,4
26,078	-8,1	0,54	-1,26
26,134	-8,64	0,72	3,06
26,186	-7,74	0,72	6,66
26,239	-5,76	0,72	9
26,294	-2,88	0,72	9,72
26,348	0	0,72	8,28
26,4	2,52	0,72	5,4
26,453	4,32	0,9	1,44
26,505	5,04	0,9	-2,7
26,559	4,32	0,9	-6,48
26,614	2,52	0,9	-8,82
26,668	0	0,9	-9,54
26,72	-2,88	0,72	-8,28
26,777	-5,76	0,36	-5,04
26,832	-7,74	0	-1,08
26,887	-8,64	-0,36	3,6
26,943	-8,1	-0,72	7,02
26,998	-6,3	-0,9	9
27,055	-3,6	-0,9	8,82
27,111	-0,72	-0,9	6,66
27,168	1,98	-0,72	3,24
27,222	3,6	-0,18	-0,9
27,279	4,32	0,18	-4,86
27,332	3,6	0,72	-7,92
27,384	1,98	1,08	-9,36
27,438	-0,36	1,44	-8,82
27,495	-3,06	1,62	-6,3
27,552	-5,58	1,62	-2,52
27,606	-7,02	1,62	1,98
27,66	-7,56	1,26	5,94
27,713	-6,84	0,9	8,82
27,768	-5,4	0,54	9,72
27,819	-3,06	0,18	9
27,872	-0,72	-0,18	6,3
27,928	1,62	-0,36	2,16
27,983	3,24	-0,54	-2,34
28,04	3,6	-0,54	-6,66
28,096	2,88	-0,36	-9,36
28,152	1,08	-0,36	-10,08
28,213	-1,44	-0,18	-8,46
28,273	-4,32	0	-4,86
28,332	-6,3	0	-0,18
28,389	-7,38	0,18	4,68
28,445	-7,38	0,18	8,1
28,501	-6,12	0,36	9,9
28,554	-4,14	0,54	9,54
28,608	-1,8	0,72	7,38
28,662	0,72	0,9	3,96
28,713	2,52	1,08	-0,36
28,769	3,6	1,26	-4,68
28,824	3,78	1,26	-7,92
28,876	2,88	1,26	-9,54
28,93	0,9	1,26	-9,18
28,988	-1,62	0,9	-6,84
29,046	-4,14	0,54	-2,7
29,102	-6,12	0,18	2,16
29,16	-7,2	-0,18	6,3
29,219	-7,2	-0,54	8,82
29,275	-6,12	-0,9	9,54
29,331	-4,14	-0,9	7,92
29,388	-1,8	-0,9	4,5
29,445	0,54	-0,72	0,18
29,498	2,16	-0,36	-3,96
29,554	3,06	0	-7,56
29,608	2,88	0,54	-9,72
29,663	1,8	0,9	-9,72
29,716	0	1,08	-7,92
29,77	-2,16	1,26	-4,32
29,825	-4,14	1,44	0,18
29,878	-5,58	1,44	4,86
29,933	-6,48	1,26	8,1
29,987	-6,3	0,9	10,08
30,042	-5,22	0,72	9,9
30,099	-3,42	0,54	7,56
30,153	-1,44	0,36	3,78
30,206	0,54	0,18	-0,72
30,261	1,98	0	-5,04
30,314	2,7	0	-8,46
30,368	2,52	-0,18	-10,26
30,425	1,26	-0,18	-9,9
30,482	-0,54	-0,18	-7,02
30,542	-2,88	-0,36	-2,52
30,602	-4,86	-0,36	2,52
30,66	-6,3	-0,36	6,84
30,719	-6,66	-0,18	9,54
30,777	-5,94	0	9,9
30,831	-4,68	0,36	8,28
30,885	-2,7	0,54	5,04
30,939	-0,54	0,9	0,9
30,99	1,08	1,08	-3,24
31,044	2,52	1,26	-7,02
31,098	2,88	1,44	-9,36
31,155	2,52	1,44	-9,72
31,208	1,26	1,26	-8,1
31,262	-0,54	1,08	-4,5
31,32	-2,7	0,72	0
31,373	-4,5	0,36	4,5
31,428	-5,76	0	7,74
31,482	-6,48	-0,36	9,72
31,539	-6,12	-0,72	9,18
31,595	-5,04	-0,72	6,66
31,654	-3,06	-0,72	2,52
31,711	-1,08	-0,72	-2,34
31,771	0,72	-0,36	-6,66
31,83	1,98	0	-9,36
31,884	2,16	0,18	-10,26
31,936	1,8	0,54	-9,18
31,991	0,54	0,72	-5,94
32,046	-1,08	0,9	-1,26
32,106	-3,06	1,08	3,6
32,16	-4,5	1,08	7,56
32,216	-5,58	1,08	9,9
32,269	-5,76	1,08	10,26
32,324	-5,22	0,9	8,64
32,377	-3,96	0,9	5,22
32,431	-2,34	0,72	0,72
32,485	-0,54	0,54	-3,78
32,542	0,9	0,54	-7,56
32,597	1,8	0,36	-9,9
32,651	1,98	0	-10,08
32,706	1,44	-0,18	-8,28
32,763	0	-0,36	-4,5
32,82	-1,62	-0,54	0,54
32,878	-3,6	-0,54	5,22
32,937	-5,22	-0,54	8,46
32,994	-5,94	-0,54	9,72
33,051	-5,94	-0,18	9
33,107	-5,22	0	6,3
33,16	-3,78	0,36	2,16
33,214	-1,98	0,72	-2,16
33,271	0	1,08	-6,12
33,324	1,44	1,44	-8,82
33,376	2,16	1,44	-9,72
33,431	2,34	1,44	-8,64
33,489	1,8	1,44	-5,58
33,542	0,36	1,08	-1,62
33,597	-1,44	0,72	3,06
33,649	-3,06	0,36	6,66
33,702	-4,68	0,18	9,18
33,754	-5,58	-0,18	9,72
33,809	-5,94	-0,36	8,28
33,866	-5,58	-0,54	4,86
33,923	-4,32	-0,54	0,36
33,979	-2,52	-0,54	-4,32
34,038	-0,72	-0,36	-8,1
34,095	0,72	-0,18	-10,08
34,153	1,62	0	-9,9
34,206	1,8	0,18	-7,74
34,261	1,26	0,36	-4,14
34,315	0	0,36	0,36
34,366	-1,44	0,54	4,68
34,418	-3,06	0,72	8,1
34,472	-4,32	0,72	9,9
34,527	-5,22	0,9	9,9
34,581	-5,58	1,08	7,74
34,635	-5,04	1,08	3,96
34,688	-3,78	1,08	-0,54
34,746	-2,16	1,08	-4,86
34,801	-0,54	0,9	-8,46
34,858	1,08	0,72	-9,9
34,912	1,8	0,36	-9,36
34,967	1,98	0	-7,02
35,02	1,26	-0,18	-3,06
35,077	0	-0,54	1,44
35,129	-1,62	-0,72	5,58
35,187	-3,6	-0,9	8,64
35,245	-5,04	-0,72	9,54
35,3	-5,94	-0,54	8,1
35,359	-5,94	-0,18	5,04
35,413	-5,22	0,18	1,08
35,466	-3,96	0,54	-3,06
35,52	-2,16	0,9	-6,84
35,576	-0,18	1,08	-9
35,63	1,26	1,26	-9,54
35,686	2,34	1,44	-7,74
35,742	2,52	1,26	-4,68
35,794	1,8	1,26	-0,36
35,85	0,36	0,9	3,96
35,903	-1,26	0,72	7,56
35,959	-3,24	0,36	9,36
36,011	-4,68	0,18	9,36
36,065	-5,76	0	7,56
36,12	-6,12	0	4,14
36,173	-5,58	-0,18	-0,18
36,23	-4,32	-0,18	-4,86
36,287	-2,52	-0,18	-8,46
36,348	-0,54	-0,18	-9,9
36,405	0,9	-0,18	-9,36
36,459	1,8	-0,18	-6,84
36,516	1,98	-0,18	-2,7
36,572	1,26	0	1,62
36,621	0	0	5,4
36,672	-1,44	0,18	8,28
36,725	-3,24	0,54	9,72
36,779	-4,68	0,72	9,18
36,831	-5,58	0,9	6,84
36,884	-5,76	1,26	3,24
36,936	-5,22	1,26	-0,9
36,991	-3,96	1,44	-5,04
37,046	-2,34	1,26	-8,1
37,102	-0,36	1,08	-9,36
37,159	1,26	0,72	-8,64
37,215	2,16	0,36	-6,12
37,268	2,34	0	-2,52
37,322	1,62	-0,36	1,8
37,373	0,36	-0,54	5,58
37,427	-1,44	-0,9	8,1
37,481	-3,42	-0,9	9
37,539	-5,22	-0,72	7,92
37,593	-6,3	-0,54	4,86
37,65	-6,48	-0,18	0,9
37,705	-5,76	0,18	-3,06
37,761	-4,32	0,54	-6,84
37,819	-2,34	0,72	-8,82
37,876	-0,18	1,08	-9
37,934	1,62	1,08	-7,2
37,989	2,7	1,08	-3,78
38,045	2,88	1,08	0,54
38,096	2,16	0,9	4,32
38,148	0,72	0,72	7,38
38,199	-1,08	0,72	9,18
38,253	-3,06	0,54	9,18
38,306	-4,86	0,54	7,2
38,36	-5,94	0,36	3,78
38,415	-6,48	0,36	-0,36
38,472	-5,94	0,18	-4,5
38,528	-4,5	0,18	-7,92
38,584	-2,52	0	-9,36
38,641	-0,54	-0,18	-8,82
38,701	1,26	-0,36	-6,3
38,759	2,34	-0,54	-2,16
38,818	2,34	-0,54	2,16
38,874	1,44	-0,36	5,94
38,926	-0,18	-0,18	8,46
38,987	-2,34	0,18	9
39,042	-4,14	0,54	7,56
39,098	-5,58	0,9	4,68
39,153	-6,3	1,26	0,54
39,209	-5,94	1,44	-3,6
39,267	-4,86	1,62	-6,84
39,322	-3,06	1,62	-8,46
39,379	-0,72	1,26	-8,28
39,437	1,08	0,9	-6,48
39,492	2,34	0,54	-3,24
39,544	2,88	0,18	0,54
39,596	2,52	-0,18	4,5
39,651	1,26	-0,54	7,2
39,705	-0,72	-0,72	8,46
39,762	-3,06	-0,72	7,74
39,82	-5,22	-0,72	5,22
39,878	-6,66	-0,36	1,26
39,937	-7,02	-0,18	-2,88
39,996	-6,3	0,18	-6,3
40,054	-4,5	0,36	-8,46
40,109	-2,52	0,54	-8,64
40,163	-0,18	0,72	-7,2
40,22	1,8	0,72	-4,14
40,273	2,88	0,72	-0,18
40,329	3,24	0,72	3,78
40,381	2,52	0,72	6,84
40,434	1,08	0,72	8,64
40,487	-0,9	0,72	8,64
40,542	-3,24	0,72	7,02
40,596	-5,22	0,72	3,78
40,651	-6,48	0,72	0
40,704	-6,84	0,72	-3,96
40,761	-6,12	0,54	-7,02
40,818	-4,5	0,36	-8,64
40,875	-2,34	0	-8,28
40,93	-0,18	-0,18	-6,12
40,988	1,62	-0,54	-2,88
41,043	2,7	-0,72	1,08
41,098	2,7	-0,72	4,86
41,154	1,8	-0,72	7,2
41,208	0,18	-0,54	8,1
41,262	-1,98	-0,18	7,38
41,32	-4,32	0,36	4,86
41,373	-5,76	0,72	1,62
41,429	-6,66	1,08	-2,34
41,487	-6,66	1,44	-5,58
41,542	-5,4	1,62	-7,56
41,598	-3,42	1,62	-7,92
41,655	-1,08	1,44	-6,48
41,712	1,08	1,08	-3,78
41,765	2,7	0,72	-0,18
41,819	3,42	0,36	3,24
41,869	3,06	0	6,12
41,921	1,98	-0,36	7,74
41,974	0	-0,54	7,74
42,028	-2,34	-0,54	6,12
42,085	-4,68	-0,54	3,06
42,142	-6,48	-0,36	-0,72
42,2	-7,38	-0,18	-4,5
42,26	-7,02	0	-7,2
42,315	-5,58	0,18	-8,28
42,371	-3,42	0,36	-7,56
42,432	-0,72	0,36	-5,04
42,489	1,62	0,36	-1,62
42,543	3,06	0,36	2,16
42,599	3,42	0,36	5,22
42,65	3,06	0,54	7,38
42,7	1,8	0,54	8,1
42,751	-0,18	0,72	7,38
42,805	-2,52	0,9	5,22
42,858	-4,68	1,08	1,8
42,913	-6,3	1,08	-1,8
42,969	-7,02	1,08	-5,22
43,025	-6,66	0,9	-7,38
43,082	-5,22	0,72	-7,92
43,138	-3,06	0,36	-6,66
43,196	-0,54	-0,18	-3,78
43,258	1,62	-0,54	-0,18
43,315	2,88	-0,9	3,42
43,37	3,06	-0,9	5,94
43,423	2,34	-0,9	7,38
43,479	0,54	-0,72	7,02
43,531	-1,62	-0,36	5,22
43,59	-4,14	0,18	2,16
43,645	-5,94	0,54	-1,26
43,703	-7,02	0,9	-4,5
43,759	-7,02	1,26	-6,66
43,815	-5,76	1,44	-7,38
43,871	-3,78	1,44	-6,48
43,928	-1,26	1,26	-4,14
43,985	1,26	1,08	-0,72
44,042	2,88	0,72	2,88
44,095	3,6	0,36	5,4
44,147	3,42	0,18	7,2
44,199	2,16	0	7,56
44,25	0,36	-0,18	6,3
44,304	-2,16	-0,18	3,6
44,361	-4,68	-0,18	0,18
44,418	-6,66	0	-3,24
44,474	-7,56	0	-6,12
44,532	-7,38	0	-7,56
44,587	-5,94	0	-7,56
44,644	-3,78	0	-5,76
44,701	-1,08	0	-2,7
44,756	1,26	0	0,54
44,808	2,88	0	3,78
44,859	3,6	0	6,12
44,91	3,42	0,18	7,38
44,963	2,16	0,36	7,2
45,015	0,36	0,72	5,76
45,066	-1,98	0,9	3,06
45,12	-4,32	1,26	-0,18
45,176	-6,12	1,44	-3,6
45,233	-7,02	1,44	-5,94
45,289	-6,84	1,26	-7,2
45,346	-5,58	1,08	-6,66
45,402	-3,42	0,54	-4,68
45,459	-0,9	0,18	-1,62
45,518	1,44	-0,36	1,8
45,573	2,88	-0,72	4,68
45,626	3,42	-0,9	6,48
45,683	2,7	-0,9	6,84
45,737	1,26	-0,9	5,76
45,791	-0,9	-0,54	3,24
45,849	-3,6	-0,18	0
45,905	-5,76	0,36	-3,06
45,961	-7,02	0,72	-5,58
46,015	-7,38	1,08	-6,84
46,069	-6,66	1,26	-6,84
46,124	-4,86	1,26	-5,22
46,18	-2,34	1,26	-2,52
46,235	0,18	1,08	0,54
46,287	2,16	0,72	3,6
46,34	3,42	0,54	5,94
46,393	3,78	0,36	7,02
46,443	3,24	0,36	7,02
46,493	1,8	0,18	5,58
46,544	-0,36	0,18	3,06
46,599	-3,06	0,18	-0,36
46,657	-5,4	0,18	-3,6
46,715	-7,2	0,18	-6,12
46,771	-7,56	0,18	-7,2
46,827	-7,02	0,18	-6,84
46,884	-5,22	0	-5,04
46,938	-2,88	-0,18	-1,98
46,996	-0,18	-0,36	1,44
47,053	1,98	-0,36	4,32
47,107	3,24	-0,36	6,3
47,16	3,6	-0,18	6,84
47,215	2,7	0	6,12
47,264	1,26	0,36	4,32
47,315	-0,9	0,72	1,62
47,368	-3,24	1,08	-1,44
47,427	-5,4	1,44	-4,32
47,482	-6,66	1,62	-6,12
47,538	-7,02	1,62	-6,66
47,594	-6,3	1,44	-5,76
47,65	-4,5	0,9	-3,42
47,705	-2,16	0,54	-0,54
47,759	0,18	0	2,52
47,809	1,98	-0,36	4,86
47,863	3,06	-0,72	6,3
47,914	3,24	-0,9	6,48
47,965	2,52	-0,9	5,4
48,019	0,9	-0,72	3,24
48,07	-1,26	-0,54	0,36
48,123	-3,6	-0,18	-2,7
48,179	-5,76	0,18	-5,22
48,234	-7,02	0,54	-6,66
48,289	-7,38	0,72	-6,66
48,346	-6,48	0,9	-5,22
48,402	-4,68	0,9	-2,7
48,456	-2,34	0,9	0,36
48,508	0	0,72	3,06
48,558	1,98	0,72	5,4
48,609	3,24	0,54	6,66
48,658	3,78	0,54	6,84
48,709	3,24	0,54	5,76
48,759	1,98	0,54	3,6
48,812	-0,18	0,54	0,72
48,865	-2,52	0,54	-2,34
48,92	-4,86	0,54	-4,86
48,975	-6,48	0,54	-6,66
49,031	-7,38	0,36	-6,84
49,087	-7,02	0,18	-5,58
49,142	-5,58	0	-3,24
49,197	-3,42	-0,36	0
49,253	-1,08	-0,54	3,24
49,311	1,26	-0,72	5,4
49,366	2,7	-0,72	6,48
49,42	3,24	-0,54	6,12
49,476	2,7	-0,18	4,5
49,53	1,26	0,18	1,98
49,583	-0,9	0,72	-0,9
49,64	-3,24	1,08	-3,78
49,697	-5,22	1,44	-5,76
49,753	-6,48	1,62	-6,48
49,81	-6,84	1,62	-5,58
49,866	-5,94	1,44	-3,42
49,922	-4,32	1,08	-0,54
49,979	-1,98	0,54	2,52
50,033	0,18	0,18	4,68
50,084	1,98	-0,18	6,3
50,137	2,88	-0,36	6,3
50,193	3,06	-0,54	5,22
50,247	2,16	-0,54	2,88
50,299	0,54	-0,54	0
50,352	-1,62	-0,36	-3,06
50,41	-4,14	0	-5,4
50,466	-5,94	0,18	-6,84
50,525	-7,02	0,36	-6,66
50,582	-7,02	0,36	-4,86
50,639	-5,76	0,54	-2,16
50,694	-3,78	0,54	0,9
50,748	-1,44	0,54	3,96
50,803	0,72	0,54	5,94
50,854	2,34	0,54	6,84
50,906	3,24	0,54	6,48
50,957	3,24	0,54	4,86
51,008	2,34	0,72	2,34
51,061	0,72	0,9	-0,36
51,114	-1,44	0,9	-3,42
51,171	-3,78	0,9	-5,76
51,227	-5,58	0,9	-6,66
51,283	-6,66	0,72	-6,12
51,342	-6,66	0,36	-4,14
51,4	-5,58	0	-1,26
51,457	-3,78	-0,36	1,98
51,513	-1,62	-0,72	4,5
51,57	0,54	-0,9	6,12
51,624	1,98	-0,9	6,3
51,679	2,7	-0,72	5,04
51,733	2,52	-0,36	2,88
51,786	1,26	0	0,18
51,837	-0,36	0,36	-2,7
51,894	-2,52	0,72	-5,04
51,95	-4,5	1,26	-6,3
52,007	-5,94	1,44	-6,12
52,067	-6,48	1,44	-4,32
52,127	-5,76	1,44	-1,62
52,183	-4,32	1,08	1,44
52,238	-2,34	0,72	4,32
52,292	-0,36	0,54	6,12
52,347	1,44	0,18	6,66
52,399	2,52	0	5,94
52,453	2,7	-0,18	3,96
52,507	1,98	-0,18	1,08
52,561	0,54	-0,18	-1,98
52,618	-1,44	-0,18	-4,86
52,676	-3,6	0	-6,66
52,732	-5,4	0	-7,02
52,788	-6,48	0,18	-5,76
52,845	-6,66	0,18	-3,42
52,901	-5,76	0,18	-0,36
52,957	-3,96	0,18	2,88
53,012	-1,98	0,18	5,4
53,067	0	0,18	6,66
53,118	1,62	0,18	6,66
53,169	2,52	0,36	5,4
53,224	2,7	0,54	3,06
53,275	1,98	0,9	0,18
53,326	0,72	1,08	-2,52
53,378	-1,08	1,26	-5,04
53,433	-3,06	1,26	-6,48
53,49	-4,86	1,26	-6,48
53,546	-5,94	0,9	-5,04
53,603	-6,12	0,54	-2,34
53,662	-5,4	0,18	0,72
53,714	-3,96	-0,18	3,6
53,772	-2,16	-0,54	5,76
53,828	-0,18	-0,72	6,48
53,885	1,26	-0,9	5,76
53,939	1,98	-0,72	3,78
53,993	1,98	-0,54	1,08
54,047	1,08	-0,18	-1,98
54,102	-0,36	0,18	-4,68
54,159	-2,16	0,54	-6,48
54,217	-3,96	0,9	-6,66
54,274	-5,4	1,08	-5,4
54,335	-5,76	1,26	-2,88
54,389	-5,4	1,26	0,36
54,445	-4,32	1,08	3,42
54,498	-2,7	0,9	5,58
54,552	-0,9	0,54	6,84
54,606	0,72	0,36	6,66
54,659	1,8	0,36	5,22
54,712	2,16	0,18	2,7
54,764	1,8	0,18	-0,18
54,818	0,72	0,18	-3,24
54,871	-0,9	0,18	-5,76
54,927	-2,7	0,18	-7,02
54,983	-4,32	0,18	-6,84
55,038	-5,58	0	-5,22
55,093	-5,94	0	-2,34
55,151	-5,58	-0,18	1,08
55,207	-4,5	-0,18	3,96
55,262	-2,88	-0,18	6,12
55,317	-1,08	-0,18	6,84
55,375	0,72	0	6,12
55,426	1,62	0,18	4,32
55,481	1,98	0,54	1,62
55,531	1,62	0,72	-1,44
55,584	0,72	1,08	-4,14
55,637	-0,72	1,26	-6,12
55,692	-2,52	1,44	-6,66
55,749	-3,96	1,26	-5,94
55,805	-5,04	1,08	-3,78
55,86	-5,4	0,72	-0,9
55,917	-5,04	0,36	2,34
55,971	-3,96	0	5,04
56,026	-2,52	-0,36	6,48
56,082	-1,08	-0,54	6,48
56,14	0,36	-0,72	5,04
56,195	1,26	-0,72	2,52
56,249	1,26	-0,54	-0,54
56,306	0,72	-0,36	-3,6
56,361	-0,36	0	-5,94
56,418	-1,8	0,36	-7,02
56,474	-3,24	0,54	-6,66
56,53	-4,5	0,72	-4,86
56,584	-5,04	0,9	-1,98
56,641	-5,04	0,9	1,44
56,695	-4,32	0,9	4,5
56,75	-2,88	0,72	6,66
56,808	-1,44	0,72	7,2
56,863	-0,18	0,54	6,3
56,917	0,9	0,54	4,32
56,968	1,44	0,54	1,44
57,019	1,44	0,54	-1,62
57,073	0,72	0,54	-4,5
57,127	-0,54	0,36	-6,66
57,182	-1,98	0,36	-7,2
57,24	-3,42	0,18	-6,3
57,299	-4,68	0	-3,96
57,353	-5,22	-0,18	-0,9
57,411	-5,04	-0,36	2,88
57,469	-4,32	-0,36	5,4
57,527	-3,06	-0,36	6,84
57,586	-1,44	-0,36	6,48
57,643	-0,18	-0,18	4,68
57,7	0,72	0,18	2,16
57,75	1,08	0,36	-0,9
57,806	0,9	0,72	-3,78
57,86	0,18	1,08	-5,94
57,914	-0,9	1,26	-6,84
57,971	-2,34	1,44	-6,3
58,026	-3,42	1,26	-4,14
58,085	-4,32	1,08	-1,08
58,143	-4,5	0,72	2,16
58,196	-4,32	0,54	4,86
58,25	-3,42	0,18	6,66
58,305	-2,34	-0,18	7,02
58,362	-1,08	-0,36	5,76
58,417	-0,18	-0,54	3,06
58,475	0,54	-0,54	0,18
58,525	0,54	-0,36	-3,06
58,582	0	-0,18	-5,94
58,641	-0,9	0	-7,38
58,698	-1,98	0,18	-7,02
58,757	-3,06	0,36	-5,22
58,813	-3,96	0,36	-2,16
58,872	-4,32	0,54	1,26
58,926	-4,32	0,54	4,5
58,981	-3,6	0,54	6,66
59,036	-2,7	0,54	7,38
59,09	-1,44	0,54	6,66
59,145	-0,36	0,72	4,5
59,201	0,36	0,72	1,62
59,252	0,72	0,72	-1,44
59,306	0,72	0,72	-4,5
59,36	0	0,72	-6,48
59,414	-0,9	0,72	-7,2
59,472	-2,16	0,54	-6,48
59,527	-3,06	0,36	-4,14
59,585	-3,96	0	-0,9
59,64	-4,32	-0,18	2,52
59,697	-4,32	-0,36	5,22
59,753	-3,78	-0,54	6,84
59,81	-2,7	-0,54	6,84
59,866	-1,62	-0,54	5,22
59,923	-0,72	-0,18	2,34
59,98	0	0	-0,54
60,033	0,36	0,36	-3,78
60,088	0,18	0,72	-5,94
60,141	-0,36	1,08	-7,02
60,2	-1,26	1,26	-6,48
60,257	-2,16	1,26	-4,5
60,313	-3,06	1,26	-1,44
60,37	-3,6	1,08	1,98
60,423	-3,78	0,72	4,86
60,477	-3,6	0,54	6,66
60,53	-2,88	0,36	7,2
60,584	-2,16	0	6,3
60,638	-1,44	0	4,14
60,692	-0,72	-0,18	0,9
60,748	-0,18	-0,18	-2,52
60,807	-0,18	-0,18	-5,58
60,865	-0,54	-0,18	-7,38
60,926	-1,08	0	-7,38
60,983	-1,98	0	-5,58
61,043	-2,88	0	-2,88
61,096	-3,42	0,18	0,54
61,149	-3,6	0,18	3,6
61,201	-3,6	0,18	5,94
61,255	-3,24	0,36	7,2
61,309	-2,7	0,36	7,02
61,361	-1,98	0,54	5,4
61,414	-1,08	0,72	2,7
61,47	-0,36	0,9	-0,72
61,528	0	1,08	-3,78
61,584	0	1,08	-6,12
61,639	-0,36	1,08	-7,2
61,696	-0,9	0,9	-6,66
61,752	-1,8	0,54	-4,68
61,808	-2,52	0,36	-1,62
61,865	-3,24	0	1,98
61,919	-3,6	-0,18	4,86
61,976	-3,6	-0,54	6,66
62,031	-3,42	-0,54	6,84
62,089	-2,88	-0,54	5,58
62,146	-2,16	-0,54	2,88
62,203	-1,44	-0,18	-0,36
62,261	-0,72	0	-3,6
62,317	-0,54	0,36	-6,12
62,373	-0,54	0,72	-7,2
62,429	-0,72	0,9	-6,84
62,487	-1,26	1,08	-4,86
62,542	-1,8	1,08	-1,8
62,601	-2,34	1,08	1,8
62,656	-2,88	0,9	4,68
62,71	-3,06	0,72	6,66
62,765	-3,06	0,54	7,38
62,822	-2,7	0,36	6,48
62,875	-2,16	0,36	4,14
62,929	-1,62	0,18	1,08
62,983	-1,26	0,18	-2,16
63,04	-0,9	0,18	-5,4
63,096	-0,72	0	-7,2
63,154	-0,9	0	-7,38
63,211	-1,26	0	-6,12
63,266	-1,8	-0,18	-3,24
63,326	-2,34	-0,18	0,36
63,383	-2,88	-0,18	3,78
63,441	-3,06	-0,18	6,12
63,498	-3,24	0	7,2
63,553	-3,06	0,18	6,66
63,606	-2,52	0,36	4,86
63,66	-1,98	0,54	2,16
63,714	-1,44	0,9	-1,08
63,77	-0,9	1,08	-4,14
63,827	-0,54	1,08	-6,3
63,883	-0,54	1,26	-7,02
63,94	-0,54	1,08	-6,3
63,997	-0,9	0,9	-3,96
64,053	-1,44	0,54	-0,72
64,11	-2,16	0,18	2,52
64,164	-2,7	0	5,22
64,218	-3,06	-0,18	6,66
64,275	-3,24	-0,36	6,84
64,332	-3,06	-0,54	5,22
64,389	-2,88	-0,54	2,52
64,445	-2,34	-0,36	-0,9
64,504	-1,8	-0,18	-4,14
64,564	-1,26	0,18	-6,48
64,621	-0,9	0,36	-7,38
64,678	-0,72	0,54	-6,48
64,735	-0,9	0,72	-4,32
64,791	-1,26	0,72	-1,08
64,85	-1,62	0,72	2,34
64,902	-1,98	0,72	5,22
64,958	-2,34	0,72	7,02
65,012	-2,7	0,72	7,38
65,067	-2,88	0,72	6,3
65,118	-2,7	0,54	3,78
65,173	-2,34	0,54	0,72
65,224	-1,98	0,54	-2,34
65,28	-1,62	0,54	-5,22
65,334	-1,26	0,36	-7,02
65,39	-0,9	0,18	-7,2
65,446	-0,9	0	-5,94
65,503	-1,08	-0,18	-3,06
65,564	-1,44	-0,36	0,36
65,619	-1,98	-0,36	3,42
65,675	-2,34	-0,36	5,76
65,729	-2,88	-0,36	6,84
65,784	-3,06	-0,18	6,48
65,841	-3,06	0	4,68
65,895	-2,88	0,36	1,98
65,949	-2,52	0,72	-1,26
66,007	-1,98	0,9	-4,32
66,065	-1,44	1,08	-6,3
66,121	-0,9	1,26	-6,84
66,179	-0,54	1,26	-5,94
66,235	-0,54	1,08	-3,42
66,294	-0,72	0,72	-0,36
66,352	-1,08	0,54	3,06
66,409	-1,8	0,18	5,58
66,464	-2,34	0	6,84
66,518	-2,88	-0,18	6,66
66,573	-3,24	-0,18	4,86
66,631	-3,24	-0,36	2,16
66,687	-3,06	-0,18	-1,44
66,749	-2,7	-0,18	-4,5
66,807	-1,98	0	-6,48
66,862	-1,44	0,18	-7,2
66,92	-0,9	0,18	-6,3
66,98	-0,72	0,36	-3,78
67,037	-0,72	0,36	-0,54
67,094	-0,9	0,36	2,88
67,149	-1,44	0,54	5,4
67,204	-1,98	0,54	7,02
67,257	-2,34	0,54	7,02
67,313	-2,88	0,72	5,58
67,368	-3,06	0,72	3,06
67,423	-3,06	0,9	0
67,474	-2,7	0,9	-3,06
67,53	-2,16	0,72	-5,58
67,587	-1,62	0,72	-7,02
67,646	-1,08	0,54	-6,66
67,701	-0,72	0,18	-5,04
67,756	-0,72	0	-2,16
67,815	-0,72	-0,36	1,26
67,872	-1,26	-0,36	4,14
67,929	-1,8	-0,54	6,12
67,985	-2,52	-0,54	6,66
68,041	-3,06	-0,36	5,58
68,101	-3,42	0	3,24
68,157	-3,42	0,18	0,36
68,209	-3,24	0,54	-2,7
68,265	-2,7	0,72	-5,22
68,321	-1,98	1,08	-6,48
68,378	-1,26	1,08	-6,48
68,435	-0,54	1,08	-5,04
68,49	-0,18	1,08	-2,52
68,546	-0,18	0,9	0,72
68,6	-0,36	0,72	3,6
68,653	-0,9	0,36	5,76
68,707	-1,62	0,18	6,84
68,761	-2,34	0,18	6,48
68,813	-3,06	0	4,68
68,868	-3,6	0	1,98
68,924	-3,6	0	-1,08
68,979	-3,42	0	-4,14
69,036	-2,88	0	-6,3
69,091	-2,16	0	-7,02
69,148	-1,44	0	-6,3
69,205	-0,72	0	-4,32
69,26	-0,36	0	-1,26
69,317	-0,18	0	1,98
69,37	-0,54	0,18	4,68
69,423	-1,08	0,18	6,3
69,476	-1,8	0,36	6,84
69,529	-2,34	0,54	5,94
69,583	-3,06	0,72	3,78
69,638	-3,42	0,9	1,08
69,69	-3,42	1,08	-1,8
69,746	-3,06	1,08	-4,68
69,804	-2,52	1,08	-6,3
69,859	-1,8	0,9	-6,66
69,916	-0,9	0,54	-5,4
69,971	-0,36	0,36	-3,06
70,029	-0,18	0	0
70,082	-0,18	-0,18	3,06
70,139	-0,72	-0,54	5,22
70,198	-1,44	-0,54	6,3
70,253	-2,34	-0,54	5,94
70,31	-3,24	-0,36	4,14
70,368	-3,78	-0,18	1,26
70,425	-3,96	0,18	-1,62
70,48	-3,78	0,36	-4,32
70,538	-3,06	0,72	-6,12
70,595	-2,16	0,9	-6,48
70,651	-1,26	0,9	-5,4
70,71	-0,36	0,9	-3,06
70,766	0,18	0,9	-0,18
70,818	0,36	0,72	2,52
70,868	0,18	0,72	4,86
70,92	-0,54	0,54	6,3
70,972	-1,26	0,36	6,66
71,024	-2,16	0,36	5,58
71,076	-3,06	0,36	3,42
71,128	-3,78	0,36	0,72
71,182	-3,96	0,18	-2,34
71,241	-3,96	0,18	-5,04
71,297	-3,42	0,18	-6,48
71,353	-2,52	0	-6,66
71,409	-1,44	0	-5,22
71,464	-0,72	-0,18	-2,7
71,523	0	-0,18	0,36
71,578	0,18	-0,18	3,06
71,632	-0,18	-0,18	5,4
71,69	-0,9	0	6,3
71,747	-1,62	0,18	5,94
71,8	-2,52	0,54	4,32
71,854	-3,42	0,72	1,98
71,905	-3,78	0,9	-0,9
71,961	-3,96	1,08	-3,6
72,018	-3,6	1,26	-5,58
72,073	-2,88	1,26	-6,3
72,129	-1,8	1,08	-5,58
72,187	-0,72	0,72	-3,42
72,246	0	0,36	-0,9
72,299	0,36	0,18	1,98
72,352	0,36	-0,18	4,5
72,407	-0,18	-0,36	5,94
72,466	-1,26	-0,54	5,94
72,524	-2,34	-0,54	4,5
72,58	-3,42	-0,36	1,98
72,641	-4,14	-0,18	-0,9
72,7	-4,5	0,18	-3,78
72,757	-4,14	0,36	-5,58
72,814	-3,42	0,54	-6,3
72,87	-2,34	0,54	-5,76
72,924	-1,08	0,72	-3,78
72,98	-0,18	0,72	-1,08
73,038	0,54	0,72	1,8
73,089	0,72	0,54	4,14
73,139	0,54	0,54	5,76
73,19	-0,18	0,54	6,3
73,244	-1,26	0,54	5,58
73,299	-2,34	0,54	3,78
73,354	-3,42	0,54	1,08
73,409	-4,14	0,54	-1,98
73,468	-4,32	0,54	-4,5
73,525	-4,14	0,36	-6,12
73,584	-3,24	0,18	-6,3
73,641	-2,16	0	-5,04
73,696	-1,08	-0,18	-2,52
73,756	-0,18	-0,36	0,36
73,813	0,36	-0,36	3,06
73,866	0,36	-0,36	5,04
73,921	0	-0,36	5,94
73,975	-0,9	-0,18	5,58
74,033	-2,16	0,18	3,78
74,091	-3,24	0,54	1,44
74,145	-3,96	0,72	-1,26
74,203	-4,32	1,08	-3,78
74,259	-4,14	1,26	-5,4
74,314	-3,42	1,26	-5,94
74,37	-2,34	1,08	-5,04
74,426	-1,26	0,9	-2,88
74,484	-0,18	0,72	-0,18
74,542	0,54	0,36	2,52
74,594	0,72	0,18	4,5
74,647	0,54	-0,18	5,76
74,7	-0,36	-0,18	5,58
74,759	-1,62	-0,18	4,14
74,816	-2,88	-0,18	1,8
74,872	-3,96	-0,18	-0,9
74,932	-4,68	0	-3,6
74,988	-4,68	0,18	-5,4
75,045	-4,32	0,18	-6,12
75,101	-3,24	0,36	-5,4
75,157	-1,98	0,36	-3,6
75,213	-0,72	0,36	-1,08
75,27	0,36	0,36	1,8
75,322	0,9	0,36	3,96
75,373	0,9	0,36	5,58
75,427	0,54	0,54	5,94
75,478	-0,36	0,54	5,22
75,531	-1,62	0,72	3,42
75,585	-2,88	0,72	0,9
75,641	-3,78	0,9	-1,8
75,698	-4,5	0,9	-4,14
75,755	-4,5	0,72	-5,58
75,811	-3,96	0,54	-5,76
75,867	-3,06	0,36	-4,68
75,924	-1,8	0	-2,7
75,98	-0,54	-0,18	0,18
76,036	0,18	-0,36	2,52
76,089	0,72	-0,54	4,5
76,143	0,54	-0,54	5,4
76,197	0	-0,54	5,22
76,253	-1,26	-0,18	3,78
76,312	-2,34	0,18	1,62
76,366	-3,6	0,36	-1,08
76,424	-4,32	0,72	-3,42
76,479	-4,5	0,9	-5,04
76,533	-4,32	1,08	-5,58
76,589	-3,42	1,08	-4,86
76,645	-2,16	1,08	-3,24
76,7	-0,9	0,9	-0,72
76,757	0,18	0,72	1,8
76,809	0,9	0,54	3,96
76,861	1,08	0,18	5,22
76,912	0,72	0,18	5,58
76,962	0	0	5,04
77,01	-1,08	0	3,24
77,064	-2,34	0	1,08
77,117	-3,6	0	-1,62
77,173	-4,5	0	-3,96
77,228	-4,86	0,18	-5,4
77,286	-4,68	0,18	-5,94
77,341	-3,78	0,18	-5,04
77,397	-2,7	0,18	-3,06
77,452	-1,26	0,18	-0,54
77,507	0	0,18	1,98
77,559	0,72	0,18	4,14
77,611	1,08	0,18	5,4
77,66	0,9	0,36	5,58
77,711	0,18	0,54	5,04
77,761	-0,72	0,54	3,24
77,814	-1,98	0,72	0,9
77,867	-3,24	0,9	-1,44
77,922	-4,14	1,08	-3,78
77,979	-4,5	1,08	-5,22
78,035	-4,5	0,9	-5,4
78,09	-3,78	0,72	-4,5
78,147	-2,7	0,36	-2,7
78,202	-1,44	0	-0,18
78,257	-0,18	-0,18	2,34
78,313	0,54	-0,36	4,14
78,368	0,72	-0,54	5,22
78,42	0,54	-0,54	5,04
78,473	-0,18	-0,54	3,78
78,528	-1,44	-0,18	1,8
78,583	-2,7	0	-0,54
78,638	-3,78	0,36	-2,88
78,695	-4,5	0,54	-4,68
78,751	-4,68	0,9	-5,4
78,805	-4,32	0,9	-5,04
78,863	-3,24	0,9	-3,42
78,918	-1,98	0,9	-1,08
78,973	-0,72	0,72	1,44
79,025	0,36	0,72	3,42
79,074	0,9	0,54	4,86
79,125	1,08	0,36	5,4
79,178	0,72	0,36	5,04
79,227	0	0,18	3,6
79,282	-1,26	0,18	1,44
79,335	-2,52	0,18	-0,9
79,389	-3,78	0,18	-3,24
79,445	-4,68	0,18	-5,04
79,501	-4,86	0,18	-5,58
79,556	-4,68	0,18	-5,04
79,612	-3,78	0	-3,42
79,668	-2,52	0	-1,08
79,723	-1,08	-0,18	1,62
79,779	0	-0,18	3,6
79,833	0,72	-0,18	5,04
79,886	0,9	0	5,4
79,936	0,72	0,18	4,68
79,986	0	0,36	3,24
80,034	-1,08	0,72	1,08
80,088	-2,34	0,9	-1,26
80,143	-3,42	1,08	-3,24
80,197	-4,32	1,08	-4,86
80,256	-4,5	1,26	-5,22
80,31	-4,32	1,08	-4,32
80,367	-3,42	0,72	-2,7
80,421	-2,34	0,54	-0,54
80,475	-1,08	0,18	1,8
80,525	-0,18	-0,18	3,78
80,581	0,54	-0,36	4,86
80,634	0,72	-0,54	5,04
80,687	0,54	-0,54	3,96
80,741	-0,36	-0,36	2,16
80,799	-1,62	-0,18	-0,36
80,858	-3,06	0	-2,7
80,913	-4,14	0,36	-4,5
80,969	-4,68	0,54	-5,4
81,026	-4,68	0,72	-5,04
81,084	-4,14	0,72	-3,42
81,138	-3,06	0,72	-1,26
81,195	-1,8	0,72	1,26
81,247	-0,54	0,54	3,24
81,302	0,54	0,54	4,68
81,35	1,08	0,54	5,4
81,4	1,08	0,54	5,04
81,447	0,72	0,54	3,96
81,498	-0,18	0,54	1,98
81,549	-1,26	0,54	-0,36
81,606	-2,7	0,54	-2,88
81,661	-3,78	0,54	-4,5
81,718	-4,5	0,36	-5,4
81,775	-4,86	0,36	-5,04
81,829	-4,32	0,18	-3,6
81,885	-3,42	0	-1,44
81,94	-2,34	-0,18	1,08
81,996	-0,9	-0,36	3,24
82,053	0	-0,36	4,68
82,105	0,72	-0,36	5,04
82,157	0,72	-0,18	4,5
82,21	0,36	0	3,06
82,259	-0,36	0,36	1,08
82,313	-1,44	0,54	-1,08
82,366	-2,7	0,9	-3,24
82,422	-3,6	1,08	-4,68
82,476	-4,32	1,26	-5,04
82,532	-4,32	1,26	-4,32
82,588	-3,96	1,08	-2,52
82,644	-3,06	0,72	-0,36
82,7	-1,8	0,54	1,98
82,752	-0,72	0,18	3,78
82,803	0,18	0	4,86
82,855	0,54	-0,18	5,04
82,908	0,72	-0,36	4,14
82,961	0,18	-0,36	2,52
83,013	-0,72	-0,18	0,18
83,068	-1,8	-0,18	-2,16
83,126	-3,06	0	-4,14
83,181	-3,96	0,18	-5,22
83,235	-4,5	0,36	-5,22
83,291	-4,5	0,36	-4,14
83,346	-3,96	0,54	-2,16
83,402	-3,06	0,54	0,36
83,456	-1,8	0,54	2,52
83,508	-0,72	0,54	4,32
83,562	0,36	0,54	5,22
83,611	0,72	0,54	5,22
83,663	0,9	0,54	4,14
83,714	0,54	0,54	2,52
83,764	-0,36	0,72	0,18
83,815	-1,44	0,72	-1,98
83,872	-2,52	0,72	-3,96
83,927	-3,6	0,72	-5,04
83,983	-4,32	0,54	-5,04
84,038	-4,5	0,36	-3,96
84,094	-4,14	0,18	-1,98
84,148	-3,24	0	0,18
84,199	-2,34	-0,18	2,52
84,255	-1,08	-0,36	4,14
84,311	-0,18	-0,36	4,86
84,367	0,36	-0,36	4,5
84,42	0,54	-0,18	3,24
84,473	0	0	1,44
84,523	-0,72	0,18	-0,72
84,578	-1,62	0,54	-2,88
84,634	-2,7	0,72	-4,5
84,69	-3,6	1,08	-5,04
84,744	-4,14	1,08	-4,5
84,799	-4,14	1,08	-3,06
84,852	-3,6	1,08	-1,08
84,907	-2,7	0,9	1,44
84,96	-1,8	0,54	3,42
85,012	-0,72	0,36	4,68
85,065	0	0,18	5,04
85,114	0,36	0	4,68
85,165	0,54	0	3,42
85,215	0	0	1,44
85,264	-0,54	0	-0,9
85,319	-1,62	0	-3,06
85,374	-2,7	0	-4,68
85,427	-3,6	0,18	-5,4
85,481	-4,14	0,18	-5,04
85,534	-4,32	0,18	-3,6
85,592	-3,96	0,18	-1,44
85,647	-3,24	0,18	1,26
85,705	-2,16	0,18	3,24
85,758	-1,08	0,18	4,68
85,811	-0,18	0,36	5,22
85,865	0,36	0,36	4,5
85,918	0,54	0,54	3,24
85,968	0,18	0,54	1,26
86,017	-0,36	0,72	-1,08
86,073	-1,26	0,9	-3,06
86,128	-2,34	0,9	-4,5
86,182	-3,24	0,9	-5,04
86,239	-3,78	0,72	-4,5
86,294	-3,96	0,54	-2,88
86,35	-3,78	0,36	-0,72
86,405	-3,06	0	1,62
86,458	-2,16	-0,18	3,6
86,512	-1,26	-0,36	4,68
86,568	-0,54	-0,54	4,86
86,625	0	-0,54	3,78
86,678	0	-0,36	2,16
86,73	-0,18	-0,18	0
86,784	-0,9	0,18	-2,34
86,842	-1,8	0,36	-4,14
86,898	-2,7	0,72	-5,04
86,952	-3,42	0,9	-4,86
87,008	-3,78	0,9	-3,6
87,063	-3,78	0,9	-1,62
87,121	-3,24	0,9	0,9
87,173	-2,52	0,72	2,88
87,227	-1,62	0,54	4,5
87,281	-0,72	0,54	5,22
87,337	-0,18	0,36	4,86
87,391	0,18	0,18	3,42
87,442	0	0,18	1,44
87,491	-0,36	0,18	-0,72
87,547	-1,08	0,18	-3,06
87,603	-2,16	0,18	-4,68
87,657	-2,88	0,18	-5,4
87,713	-3,6	0,18	-4,86
87,767	-3,96	0,18	-3,42
87,823	-3,78	0	-1,26
87,878	-3,42	0	1,26
87,933	-2,7	0	3,24
87,987	-1,8	0	4,68
88,042	-0,9	0	5,04
88,095	-0,36	0,18	4,5
88,148	0	0,36	3,06
88,198	0	0,54	1,08
88,246	-0,36	0,72	-1,08
88,302	-0,9	0,9	-3,24
88,357	-1,8	1,08	-4,5
88,414	-2,52	1,08	-5,04
88,47	-3,24	0,9	-4,32
88,527	-3,6	0,72	-2,52
88,583	-3,42	0,54	-0,36
88,639	-3,06	0,36	1,98
88,692	-2,34	0	3,78
88,745	-1,62	-0,18	4,86
88,803	-1,08	-0,36	4,68
88,858	-0,54	-0,36	3,6
88,913	-0,36	-0,36	1,62
88,97	-0,54	-0,18	-0,72
89,028	-1,08	0	-2,88
89,084	-1,8	0,18	-4,5
89,139	-2,34	0,36	-5,22
89,194	-3,06	0,54	-4,86
89,249	-3,42	0,72	-3,42
89,304	-3,42	0,72	-1,08
89,36	-3,06	0,72	1,26
89,413	-2,52	0,72	3,24
89,465	-1,8	0,54	4,68
89,516	-1,26	0,54	5,22
89,568	-0,72	0,54	4,86
89,62	-0,36	0,54	3,42
89,673	-0,18	0,54	1,26
89,725	-0,54	0,54	-0,9
89,781	-0,9	0,54	-3,24
89,838	-1,62	0,36	-4,68
89,892	-2,34	0,36	-5,22
89,946	-3,06	0,18	-4,68
90,003	-3,42	0,18	-3,06
90,059	-3,42	0	-0,9
90,116	-3,24	-0,18	1,62
90,173	-2,7	-0,18	3,6
90,226	-2,16	-0,18	4,86
90,282	-1,44	-0,18	4,86
90,337	-0,9	0	3,96
90,391	-0,54	0,18	2,34
90,446	-0,54	0,36	0,18
90,496	-0,72	0,54	-2,16
90,553	-1,08	0,9	-3,96
90,607	-1,62	0,9	-4,86
90,663	-2,34	1,08	-4,86
90,719	-2,7	1,08	-3,78
90,773	-2,88	0,9	-1,8
90,828	-2,88	0,72	0,54
90,881	-2,7	0,54	2,52
90,933	-2,34	0,18	4,14
90,986	-1,8	0	5,04
91,04	-1,44	-0,18	4,68
91,096	-1,08	-0,18	3,42
91,151	-0,9	-0,18	1,26
91,207	-0,9	-0,18	-1,08
91,266	-1,26	0	-3,42
91,323	-1,62	0	-4,86
91,377	-2,16	0,18	-5,22
91,43	-2,7	0,36	-4,68
91,485	-2,88	0,36	-3,06
91,542	-2,88	0,36	-0,9
91,599	-2,88	0,36	1,62
91,652	-2,52	0,54	3,6
91,705	-1,98	0,54	4,86
91,756	-1,44	0,54	5,22
91,811	-1,08	0,54	4,5
91,866	-0,9	0,54	2,88
91,919	-0,72	0,54	0,54
91,974	-0,9	0,72	-1,62
92,029	-1,26	0,72	-3,78
92,086	-1,62	0,54	-5,04
92,143	-2,16	0,54	-5,04
92,199	-2,52	0,36	-4,14
92,254	-2,88	0,18	-2,34
92,31	-2,88	0	0
92,361	-2,88	-0,18	2,34
92,418	-2,52	-0,18	3,96
92,472	-2,16	-0,36	4,86
92,529	-1,62	-0,36	4,68
92,587	-1,44	-0,18	3,24
92,642	-1,08	0	1,26
92,695	-1,08	0,18	-0,9
92,751	-1,26	0,54	-3,06
92,806	-1,44	0,72	-4,5
92,86	-1,8	0,9	-5,04
92,917	-2,16	0,9	-4,5
92,971	-2,34	0,9	-2,88
93,028	-2,34	0,9	-0,72
93,083	-2,34	0,72	1,62
93,135	-2,34	0,54	3,42
93,187	-1,98	0,36	4,86
93,242	-1,8	0,18	5,04
93,297	-1,44	0,18	4,32
93,35	-1,44	0	2,7
93,405	-1,26	0	0,36
93,461	-1,44	0	-1,98
93,518	-1,62	0	-3,96
93,576	-1,98	0	-5,22
93,632	-2,16	0,18	-5,22
93,687	-2,34	0,18	-4,14
93,742	-2,52	0,18	-2,16
93,799	-2,52	0,18	0,18
93,849	-2,34	0,18	2,34
93,902	-2,16	0,18	4,14
93,957	-1,98	0,36	5,04
94,012	-1,62	0,36	4,86
94,065	-1,44	0,54	3,78
94,119	-1,26	0,54	1,98
94,172	-1,26	0,72	-0,36
94,229	-1,26	0,72	-2,52
94,284	-1,44	0,9	-4,14
94,339	-1,62	0,9	-5,04
94,394	-1,98	0,72	-4,68
94,45	-2,16	0,54	-3,42
94,506	-2,34	0,36	-1,44
94,561	-2,34	0,18	0,9
94,612	-2,34	0	2,88
94,665	-2,16	-0,18	4,32
94,721	-1,98	-0,36	4,86
94,777	-1,8	-0,36	4,14
94,835	-1,8	-0,18	2,7
94,89	-1,62	0	0,54
94,945	-1,62	0,18	-1,62
94,999	-1,62	0,36	-3,6
95,058	-1,8	0,54	-4,86
95,115	-1,8	0,72	-4,86
95,172	-1,98	0,72	-3,96
95,226	-1,98	0,72	-2,16
95,282	-1,98	0,72	0,18
95,333	-1,98	0,72	2,34
95,387	-1,8	0,54	4,14
95,442	-1,8	0,54	5,04
95,495	-1,62	0,36	4,86
95,551	-1,62	0,36	3,78
95,605	-1,62	0,36	1,8
95,657	-1,62	0,18	-0,36
95,714	-1,8	0,18	-2,7
95,768	-1,98	0,18	-4,32
95,823	-1,98	0,18	-5,22
95,876	-2,16	0,18	-4,86
95,931	-2,16	0,18	-3,78
95,986	-2,16	0	-1,8
96,041	-2,16	0	0,72
96,095	-1,98	0	2,7
96,149	-1,98	0	4,32
96,201	-1,8	0	4,86
96,252	-1,8	0,18	4,68
96,307	-1,8	0,36	3,42
96,358	-1,8	0,54	1,62
96,412	-1,8	0,72	-0,54
96,465	-1,8	0,9	-2,7
96,52	-1,8	0,9	-4,14
96,572	-1,8	0,9	-4,86
96,628	-1,8	0,9	-4,5
96,687	-1,8	0,72	-3,06
96,742	-1,8	0,54	-1,08
96,798	-1,8	0,36	1,26
96,85	-1,8	0,18	3,06
96,903	-1,8	0	4,5
96,957	-1,8	-0,18	4,86
97,014	-1,98	-0,18	3,96
97,072	-1,98	-0,18	2,34
97,128	-2,16	-0,18	0
97,183	-2,16	0	-1,98
97,24	-2,16	0,18	-3,96
97,296	-2,16	0,36	-4,86
97,352	-1,98	0,54	-4,86
97,407	-1,8	0,54	-3,78
97,463	-1,8	0,54	-1,8
97,52	-1,62	0,54	0,54
97,574	-1,62	0,54	2,7
97,628	-1,62	0,54	4,32
97,679	-1,62	0,54	5,04
97,734	-1,62	0,54	4,68
97,786	-1,8	0,54	3,6
97,84	-1,98	0,54	1,8
97,892	-1,98	0,54	-0,54
97,947	-2,16	0,54	-2,7
98,003	-2,16	0,36	-4,32
98,059	-2,16	0,36	-5,04
98,113	-1,98	0,18	-4,68
98,168	-1,98	0,18	-3,42
98,221	-1,8	0	-1,44
98,276	-1,8	0	0,9
98,329	-1,62	-0,18	2,88
98,386	-1,62	-0,18	4,32
98,444	-1,8	-0,18	4,68
98,5	-1,98	0	4,14
98,555	-1,98	0,18	2,7
98,608	-2,16	0,36	0,72
98,659	-2,16	0,54	-1,44
98,714	-2,16	0,72	-3,24
98,77	-2,16	0,9	-4,5
98,826	-1,98	0,9	-4,68
98,882	-1,62	0,9	-3,96
98,937	-1,44	0,72	-2,16
98,997	-1,44	0,54	0,18
99,05	-1,44	0,36	2,16
99,104	-1,44	0,18	3,78
99,158	-1,62	0	4,68
99,214	-1,8	0	4,5
99,27	-1,98	0	3,42
99,325	-2,34	0	1,44
99,38	-2,34	0	-0,54
99,433	-2,52	0	-2,7
99,487	-2,52	0,18	-4,32
99,549	-2,34	0,18	-4,86
99,606	-1,98	0,36	-4,5
99,663	-1,8	0,36	-2,88
99,721	-1,44	0,36	-0,72
99,778	-1,26	0,36	1,62
99,832	-1,26	0,36	3,6
99,889	-1,26	0,36	4,68
99,943	-1,44	0,54	4,86
99,998	-1,8	0,54	3,96
100,051	-1,98	0,54	2,34
100,105	-2,16	0,54	0,18
100,159	-2,34	0,72	-1,8
100,214	-2,34	0,72	-3,6
100,27	-2,34	0,54	-4,68
100,326	-2,16	0,54	-4,68
100,382	-1,8	0,36	-3,78
100,438	-1,62	0,18	-1,98
100,494	-1,44	0	0,36
100,549	-1,44	-0,18	2,34
100,604	-1,44	-0,18	3,96
100,66	-1,62	-0,18	4,5
100,718	-1,8	-0,18	4,14
100,773	-2,16	0	2,88
100,827	-2,34	0,18	1,08
100,881	-2,52	0,36	-1,08
100,937	-2,52	0,54	-2,88
100,991	-2,34	0,72	-4,14
101,046	-2,16	0,9	-4,68
101,1	-1,8	0,9	-3,96
101,157	-1,44	0,9	-2,52
101,211	-1,26	0,72	-0,54
101,266	-1,08	0,54	1,62
101,319	-1,08	0,54	3,42
101,37	-1,08	0,36	4,32
101,425	-1,44	0,18	4,68
101,476	-1,8	0,18	3,96
101,53	-2,16	0,18	2,52
101,582	-2,52	0,18	0,36
101,635	-2,7	0,18	-1,62
101,688	-2,88	0,18	-3,42
101,744	-2,7	0,18	-4,5
101,8	-2,34	0,18	-4,86
101,857	-2,16	0,18	-3,96
101,912	-1,62	0,18	-2,34
101,967	-1,26	0,18	-0,18
102,022	-1,08	0,18	1,98
102,076	-1,08	0,18	3,6
102,128	-1,08	0,36	4,5
102,18	-1,44	0,36	4,5
102,235	-1,8	0,54	3,78
102,287	-2,16	0,54	2,16
102,341	-2,34	0,72	0,18
102,394	-2,52	0,72	-1,98
102,451	-2,7	0,72	-3,6
102,505	-2,52	0,72	-4,5
102,561	-2,16	0,72	-4,32
102,617	-1,8	0,54	-3,42
102,672	-1,44	0,36	-1,62
102,726	-1,26	0,18	0,54
102,78	-1,08	0	2,16
102,832	-1,08	-0,18	3,78
102,888	-1,26	-0,18	4,32
102,947	-1,62	-0,18	3,96
103,006	-2,16	-0,18	2,52
103,065	-2,52	0	0,54
103,117	-2,88	0,18	-1,26
103,172	-2,88	0,36	-3,06
103,226	-2,88	0,54	-4,14
103,281	-2,52	0,72	-4,5
103,337	-1,98	0,72	-3,78
103,394	-1,44	0,72	-2,16
103,45	-1,08	0,72	-0,18
103,506	-0,72	0,54	1,98
103,561	-0,72	0,54	3,6
103,616	-0,9	0,36	4,5
103,671	-1,26	0,36	4,32
103,726	-1,8	0,36	3,42
103,779	-2,16	0,36	1,62
103,834	-2,7	0,36	-0,36
103,89	-2,88	0,36	-2,34
103,943	-3,06	0,36	-3,78
103,999	-2,88	0,18	-4,68
104,055	-2,52	0,18	-4,32
104,111	-1,98	0,18	-3,24
104,167	-1,44	0	-1,26
104,223	-1,08	0	0,9
104,278	-0,9	0	2,7
104,334	-0,9	0	3,96
104,39	-1,08	0,18	4,32
104,443	-1,44	0,18	3,78
104,499	-1,98	0,36	2,52
104,551	-2,34	0,54	0,72
104,605	-2,7	0,72	-1,26
104,66	-2,88	0,9	-2,88
104,717	-2,88	0,9	-4,14
104,771	-2,52	0,9	-4,32
104,828	-2,16	0,72	-3,6
104,883	-1,62	0,54	-2,16
104,937	-1,08	0,36	-0,18
104,995	-0,9	0,18	1,8
105,049	-0,72	0	3,24
105,102	-0,9	-0,18	4,14
105,158	-1,26	-0,18	3,96
105,218	-1,8	-0,18	2,88
105,273	-2,34	-0,18	1,08
105,329	-2,88	0	-0,72
105,385	-3,06	0,18	-2,7
105,441	-3,06	0,36	-3,96
105,497	-2,88	0,54	-4,32
105,552	-2,34	0,54	-3,96
105,611	-1,8	0,54	-2,52
105,669	-1,26	0,54	-0,54
105,726	-0,72	0,54	1,62
105,78	-0,54	0,54	3,24
105,833	-0,54	0,54	4,14
105,887	-0,9	0,54	4,32
105,943	-1,26	0,54	3,6
105,997	-1,98	0,54	1,98
106,05	-2,52	0,54	0,18
106,104	-2,88	0,54	-1,8
106,159	-3,06	0,54	-3,42
106,215	-3,06	0,36	-4,32
106,27	-2,88	0,36	-4,32
106,327	-2,34	0,18	-3,42
106,383	-1,8	0	-1,8
106,439	-1,26	0	0,18
106,492	-0,9	-0,18	2,16
106,549	-0,72	-0,18	3,6
106,606	-0,9	-0,18	4,14
106,663	-1,26	0	3,78
106,716	-1,62	0,18	2,7
106,77	-2,16	0,36	1,08
106,823	-2,7	0,54	-0,9
106,878	-3,06	0,72	-2,52
106,934	-3,06	0,9	-3,78
106,99	-2,88	0,9	-4,14
107,046	-2,34	0,9	-3,42
107,105	-1,8	0,72	-2,16
107,161	-1,26	0,54	-0,36
107,217	-0,72	0,36	1,62
107,271	-0,54	0,18	3,06
107,326	-0,54	0	3,96
107,379	-0,9	0	3,96
107,432	-1,44	0	3,06
107,489	-1,98	0	1,62
107,542	-2,7	0	-0,18
107,597	-3,06	0	-2,16
107,654	-3,42	0,18	-3,6
107,711	-3,24	0,18	-4,14
107,766	-2,88	0,36	-3,96
107,822	-2,34	0,36	-2,88
107,876	-1,62	0,36	-1,26
107,931	-1,08	0,36	0,72
107,984	-0,72	0,36	2,34
108,036	-0,36	0,36	3,6
108,09	-0,54	0,36	4,14
108,141	-0,72	0,36	3,96
108,198	-1,44	0,54	2,7
108,253	-1,98	0,54	1,08
108,306	-2,52	0,54	-0,9
108,365	-3,06	0,54	-2,52
108,42	-3,24	0,54	-3,78
108,48	-3,06	0,54	-4,14
108,536	-2,7	0,36	-3,6
108,592	-2,16	0,18	-2,16
108,648	-1,44	0	-0,36
108,705	-0,9	0	1,62
108,76	-0,72	-0,18	3,06
108,818	-0,72	-0,18	3,78
108,874	-0,9	-0,18	3,6
108,932	-1,44	0	2,7
108,984	-1,98	0,18	1,26
109,038	-2,52	0,36	-0,36
109,092	-3,06	0,54	-2,16
109,151	-3,24	0,72	-3,42
109,207	-3,06	0,72	-3,96
109,263	-2,88	0,9	-3,6
109,32	-2,16	0,9	-2,34
109,375	-1,62	0,72	-0,72
109,431	-0,9	0,54	1,26
109,486	-0,54	0,36	2,7
109,538	-0,36	0,36	3,78
109,594	-0,54	0,18	3,96
109,649	-0,9	0,18	3,24
109,705	-1,62	0,18	1,98
109,757	-2,34	0,18	0,18
109,809	-2,88	0,18	-1,62
109,865	-3,24	0,18	-3,06
109,919	-3,42	0,18	-3,96
109,974	-3,24	0,18	-3,96
110,031	-2,88	0,18	-3,24
110,088	-2,16	0,18	-1,8
110,143	-1,44	0,18	0
110,196	-0,9	0,18	1,8
110,251	-0,54	0,18	3,24
110,306	-0,36	0,18	3,96
110,361	-0,54	0,36	3,78
110,412	-0,9	0,36	2,88
110,466	-1,62	0,54	1,62
110,517	-2,16	0,72	-0,18
110,572	-2,7	0,72	-1,98
110,63	-3,06	0,72	-3,24
110,686	-3,24	0,72	-3,78
110,742	-3,06	0,54	-3,6
110,797	-2,52	0,54	-2,52
110,854	-1,98	0,36	-0,9
110,911	-1,26	0	0,9
110,966	-0,9	0	2,34
111,021	-0,54	-0,18	3,42
111,078	-0,54	-0,18	3,6
111,133	-0,9	-0,18	3,06
111,19	-1,44	0	1,8
111,244	-2,16	0	0,18
111,297	-2,7	0,18	-1,44
111,352	-3,06	0,36	-2,88
111,408	-3,42	0,54	-3,78
111,463	-3,24	0,72	-3,78
111,519	-2,88	0,72	-2,88
111,574	-2,16	0,72	-1,44
111,628	-1,44	0,72	0,36
111,684	-0,9	0,54	1,98
111,737	-0,54	0,54	3,24
111,792	-0,36	0,36	3,78
111,847	-0,54	0,36	3,6
111,902	-0,9	0,36	2,7
111,956	-1,62	0,36	1,08
112,009	-2,34	0,36	-0,54
112,066	-2,88	0,36	-2,34
112,12	-3,24	0,36	-3,42
112,179	-3,42	0,18	-3,96
112,236	-3,24	0,18	-3,6
112,291	-2,88	0,18	-2,34
112,346	-2,16	0,18	-0,72
112,401	-1,44	0	1,08
112,455	-0,9	0	2,52
112,509	-0,54	0	3,42
112,561	-0,36	0,18	3,78
112,614	-0,54	0,18	3,24
112,668	-1,08	0,36	1,98
112,721	-1,62	0,54	0,54
112,773	-2,34	0,72	-1,08
112,829	-2,88	0,72	-2,7
112,886	-3,24	0,9	-3,42
112,941	-3,24	0,9	-3,6
112,997	-3,06	0,72	-2,88
113,053	-2,52	0,54	-1,62
113,11	-1,8	0,36	0
113,163	-1,26	0,18	1,62
113,216	-0,72	0	2,88
113,269	-0,54	-0,18	3,42
113,326	-0,54	-0,18	3,42
113,383	-0,9	-0,18	2,34
113,44	-1,44	0	0,9
113,493	-2,16	0	-0,72
113,549	-2,88	0,18	-2,16
113,605	-3,24	0,36	-3,42
113,659	-3,42	0,54	-3,78
113,717	-3,24	0,54	-3,42
113,773	-2,88	0,54	-2,16
113,828	-2,16	0,54	-0,54
113,884	-1,44	0,54	1,08
113,937	-0,9	0,54	2,52
113,992	-0,36	0,54	3,42
114,046	-0,36	0,36	3,78
114,101	-0,54	0,36	3,06
114,155	-0,9	0,36	1,98
114,21	-1,62	0,36	0,18
114,264	-2,34	0,36	-1,44
114,321	-2,88	0,36	-2,88
114,375	-3,24	0,36	-3,6
114,431	-3,42	0,36	-3,78
114,488	-3,24	0,18	-2,88
114,543	-2,7	0,18	-1,62
114,599	-2,16	0	0,18
114,652	-1,44	0	1,62
114,706	-0,9	0	2,88
114,76	-0,54	0	3,42
114,814	-0,54	0	3,42
114,868	-0,72	0,18	2,52
114,922	-1,26	0,36	1,08
114,977	-1,8	0,54	-0,36
115,034	-2,34	0,72	-1,98
115,089	-2,88	0,72	-3,06
115,145	-3,06	0,9	-3,6
115,203	-3,06	0,9	-3,24
115,259	-2,88	0,72	-1,98
115,316	-2,16	0,54	-0,36
115,374	-1,62	0,36	1,26
115,427	-1,08	0,18	2,52
115,481	-0,72	0,18	3,42
115,535	-0,54	0	3,42
115,59	-0,72	0	2,88
115,644	-1,08	0	1,44
115,701	-1,62	0	-0,18
115,757	-2,34	0	-1,8
115,814	-2,88	0,18	-3,06
115,869	-3,24	0,36	-3,6
115,926	-3,42	0,36	-3,6
115,983	-3,06	0,36	-2,52
116,039	-2,52	0,36	-1,08
116,097	-1,98	0,36	0,72
116,15	-1,26	0,36	2,16
116,204	-0,72	0,36	3,24
116,258	-0,54	0,36	3,6
116,313	-0,36	0,36	3,24
116,368	-0,72	0,54	2,16
116,422	-1,08	0,54	0,72
116,475	-1,8	0,54	-0,9
116,533	-2,34	0,54	-2,52
116,59	-2,88	0,54	-3,42
116,645	-3,24	0,54	-3,6
116,703	-3,24	0,36	-3,06
116,76	-2,88	0,18	-1,8
116,815	-2,34	0,18	-0,18
116,87	-1,8	0	1,44
116,924	-1,26	-0,18	2,7
116,981	-0,9	-0,18	3,42
117,04	-0,72	-0,18	3,24
117,096	-0,72	0	2,34
117,151	-1,08	0,18	0,9
117,206	-1,62	0,36	-0,54
117,264	-2,16	0,54	-2,16
117,319	-2,7	0,72	-3,06
117,376	-3,06	0,72	-3,42
117,433	-3,06	0,72	-3,06
117,489	-2,88	0,72	-1,8
117,548	-2,34	0,72	-0,18
117,605	-1,8	0,54	1,44
117,66	-1,08	0,36	2,7
117,717	-0,72	0,18	3,42
117,773	-0,54	0,18	3,42
117,827	-0,72	0,18	2,52
117,882	-1,08	0	1,26
117,937	-1,62	0	-0,36
117,993	-2,16	0,18	-1,98
118,049	-2,7	0,18	-3,24
118,107	-3,06	0,18	-3,6
118,167	-3,24	0,18	-3,24
118,223	-3,06	0,18	-2,34
118,279	-2,7	0,18	-0,72
118,336	-2,16	0,18	1,08
118,39	-1,44	0,18	2,34
118,443	-0,9	0,18	3,24
118,497	-0,72	0,36	3,42
118,551	-0,54	0,36	3,06
118,605	-0,72	0,54	1,98
118,658	-1,08	0,54	0,36
118,712	-1,62	0,72	-1,08
118,767	-2,16	0,72	-2,34
118,821	-2,7	0,72	-3,24
118,88	-3,06	0,72	-3,42
118,935	-3,06	0,54	-2,7
118,989	-2,88	0,36	-1,62
119,043	-2,52	0,18	-0,18
119,099	-1,98	0	1,44
119,153	-1,44	0	2,7
119,207	-1,08	-0,18	3,24
119,266	-0,9	-0,18	3,06
119,321	-0,9	-0,18	2,34
119,378	-1,08	0	0,9
119,431	-1,62	0,18	-0,54
119,484	-1,98	0,36	-1,98
119,539	-2,52	0,54	-3,06
119,597	-2,88	0,54	-3,42
119,65	-2,88	0,72	-3,06
119,706	-2,88	0,72	-2,16
119,761	-2,52	0,72	-0,72
119,815	-2,16	0,54	0,9
119,867	-1,62	0,54	2,34
119,92	-1,08	0,54	3,24
119,973	-0,9	0,36	3,42
120,028	-0,72	0,36	3,06
120,079	-0,72	0,18	1,98
120,132	-1,08	0,18	0,72
120,184	-1,62	0,18	-0,9
120,24	-2,16	0,18	-2,34
120,293	-2,52	0,18	-3,24
120,349	-2,88	0,18	-3,6
120,405	-3,06	0,18	-3,06
120,461	-2,88	0,18	-1,98
120,512	-2,7	0,18	-0,54
120,566	-2,16	0,18	1,08
120,622	-1,62	0,18	2,34
120,676	-1,26	0,18	3,24
120,728	-0,9	0,18	3,42
120,782	-0,72	0,18	2,88
120,835	-0,9	0,36	1,8
120,886	-1,08	0,54	0,36
120,94	-1,62	0,54	-1,26
120,999	-1,98	0,72	-2,52
121,053	-2,34	0,72	-3,24
121,108	-2,7	0,72	-3,24
121,162	-2,88	0,72	-2,7
121,215	-2,7	0,54	-1,44
121,274	-2,34	0,36	0,18
121,326	-1,98	0,18	1,44
121,378	-1,62	0	2,7
121,432	-1,26	0	3,24
121,484	-1,08	0	3,24
121,537	-1,08	-0,18	2,34
121,595	-1,08	0	1,08
121,647	-1,44	0	-0,36
121,702	-1,98	0,18	-1,8
121,759	-2,34	0,36	-2,88
121,812	-2,7	0,36	-3,42
121,87	-2,88	0,54	-3,24
121,923	-2,88	0,54	-2,34
121,978	-2,52	0,54	-0,9
122,034	-2,16	0,54	0,72
122,088	-1,8	0,54	1,98
122,139	-1,44	0,54	3,06
122,191	-1,08	0,54	3,42
122,244	-0,9	0,36	3,24
122,296	-0,9	0,36	2,34
122,349	-1,08	0,36	0,9
122,403	-1,44	0,36	-0,54
