MIN=0	-90	-90	-90
MAX=113,137084989848	90	90	90
SCALE=113,137084989848	45	45	45
DEC=2	1	1	1
DEF="Tiempo" t / s	"Angulo" &a_A1 / °	"Angulo" &a_B1 / °	"Angulo" &a_A1 / °
0	0,18	-0,36	-0,18
0,057	0,36	-0,36	-0,18
0,114	0,36	-0,18	0
0,167	0,36	0	0
0,217	0,36	0	0
0,268	0,18	0,18	0
0,318	0	0,18	0
0,368	0	0,36	0
0,42	0	0,36	0
0,472	0	0,36	0
0,521	0	0,36	0
0,573	0	0,36	0
0,623	0,18	0,18	0
0,674	0,36	0,18	0
0,725	0,36	0	0
0,775	0,36	-0,18	0
0,828	0,36	-0,36	0
0,881	0,36	-0,54	-0,18
0,938	0,18	-0,54	-0,18
0,993	0	-0,54	-0,18
1,049	-0,18	-0,54	-0,18
1,11	-0,36	-0,54	-0,18
1,169	-0,36	-0,54	-0,18
1,226	-0,36	-0,36	-0,18
1,286	-0,18	-0,18	0
1,344	0	-0,18	0
1,398	0,18	0	0
1,45	0,36	0	0
1,501	0,54	0,18	0
1,553	0,54	0,18	0
1,603	0,54	0,18	0
1,653	0,54	0,36	0
1,703	0,36	0,36	0
1,753	0,18	0,36	0
1,804	0	0,36	0
1,856	0	0,36	0
1,907	-0,18	0,18	0
1,962	-0,18	0,18	0
2,015	-0,18	0,18	0
2,071	0	0	0
2,12	0	0	0
2,172	0,18	-0,18	0
2,226	0,36	-0,18	0
2,281	0,36	-0,18	0
2,332	0,36	-0,36	0
2,386	0,36	-0,36	0
2,437	0,18	-0,36	0
2,492	0	-0,36	-0,18
2,547	0	-0,36	-0,18
2,606	-0,18	-0,36	-0,18
2,665	-0,18	-0,18	-0,18
2,726	-0,36	-0,18	0
2,785	-0,18	0	0
2,837	0	0	0
2,886	0,18	0	0
2,937	0,36	0	0
2,987	0,54	0	0
3,039	0,54	0	0
3,091	0,54	0	0
3,145	0,54	0	0
3,196	0,36	-0,18	0
3,248	0,18	-0,18	0,18
3,3	0	-0,18	0,18
3,352	-0,18	-0,18	0,18
3,408	-0,36	-0,18	0,18
3,461	-0,36	-0,18	0
3,52	-0,36	-0,18	-0,18
3,579	-0,18	-0,18	-0,18
3,635	0	-0,18	-0,36
3,69	0,18	0	-0,36
3,743	0,36	0	-0,36
3,796	0,54	0,18	-0,18
3,849	0,54	0,18	-0,18
3,902	0,54	0,36	0
3,953	0,54	0,36	0,18
4,002	0,36	0,36	0,18
4,05	0,18	0,36	0,18
4,099	0	0,36	0,18
4,148	0	0,18	0,18
4,195	-0,18	0,18	0,18
4,247	-0,18	0	0
4,301	-0,18	0	0
4,353	-0,18	-0,18	-0,18
4,412	0	-0,18	-0,18
4,466	0,18	-0,18	-0,36
4,521	0,36	-0,36	-0,36
4,579	0,36	-0,36	-0,36
4,634	0,36	-0,36	-0,36
4,689	0,36	-0,36	-0,72
4,745	0,18	-0,18	-0,9
4,804	0	-0,18	-1,26
4,861	0	-0,18	-1,62
4,919	-0,18	0	-1,98
4,975	-0,18	0	-2,52
5,03	0,18	0,18	-2,88
5,083	0,9	0,18	-3,24
5,136	1,98	0,18	-3,6
5,19	3,42	0,18	-3,96
5,244	4,86	0,18	-4,14
5,296	6,48	0,18	-4,32
5,352	7,74	0,18	-4,68
5,404	8,46	0,18	-5,04
5,46	8,82	0,18	-5,58
5,511	8,82	0,18	-6,3
5,565	8,64	0,18	-7,02
5,617	8,28	0,18	-7,74
5,671	7,92	0,36	-8,46
5,723	7,74	0,36	-9,18
5,778	7,92	0,36	-9,36
5,834	8,1	0,36	-9,36
5,889	8,28	0,18	-9,18
5,943	8,46	0,18	-8,82
5,997	8,64	0,18	-8,64
6,048	8,64	0,18	-8,46
6,101	8,64	0,18	-8,46
6,152	8,46	0,18	-8,46
6,204	8,46	0,18	-8,82
6,259	8,28	0,18	-9,36
6,314	8,1	0,18	-9,9
6,369	8,1	0,18	-10,26
6,422	8,1	0,18	-10,62
6,475	8,1	0,18	-10,8
6,53	8,28	0,18	-10,8
6,583	8,46	0,18	-10,62
6,637	8,46	0,18	-10,44
6,693	8,64	0,18	-10,26
6,747	8,64	0,18	-10,08
6,801	8,64	0,18	-9,9
6,852	8,64	0,18	-9,9
6,904	8,64	0,18	-9,9
6,956	8,64	0,18	-9,9
7,009	8,64	0,18	-9,72
7,06	8,46	0,36	-9,72
7,112	8,46	0,36	-9,9
7,164	8,46	0,36	-9,9
7,22	8,46	0,36	-10,08
7,276	8,46	0,36	-10,08
7,329	8,46	0,36	-10,08
7,387	8,64	0,36	-10,08
7,439	8,82	0,36	-10,26
7,49	8,82	0,36	-10,26
7,544	8,82	0,18	-10,26
7,597	8,82	0,18	-10,44
7,648	8,82	0,18	-10,44
7,7	8,82	0,18	-10,62
7,756	8,82	0,18	-10,8
7,811	9	0,18	-10,98
7,864	9,18	0,18	-11,16
7,918	9,18	0,18	-11,34
7,971	9,36	0,18	-11,88
8,024	9,36	0,18	-12,24
8,078	9,36	0,18	-12,78
8,13	9,36	0,18	-13,14
8,184	9,36	0,18	-13,32
8,239	9,54	0,18	-11,88
8,296	9,36	0,18	-8,1
8,351	7,74	0,18	-2,88
8,404	4,68	0,18	2,7
8,457	0,72	0,18	7,56
8,505	-2,88	0,36	11,34
8,56	-6,48	0,36	13,32
8,613	-8,64	0,18	12,78
8,666	-9,18	0,18	10,08
8,72	-7,92	0	5,4
8,777	-4,86	0	-0,36
8,832	-0,9	-0,18	-6,3
8,891	3,42	-0,36	-10,62
8,945	6,84	-0,36	-13,14
9,001	8,82	-0,54	-12,96
9,057	9,18	-0,54	-10,44
9,113	7,38	-0,36	-5,94
9,169	4,32	-0,36	-0,18
9,224	0,36	-0,18	5,58
9,279	-3,78	0	9,9
9,33	-6,66	0,18	12,6
9,385	-8,64	0,36	13,14
9,439	-8,82	0,36	11,34
9,493	-7,2	0,54	7,56
9,545	-4,32	0,54	2,16
9,599	-0,54	0,54	-3,06
9,654	3,6	0,36	-8,1
9,707	6,84	0,18	-11,52
9,757	8,82	0,18	-13,14
9,81	9,36	0	-12,42
9,863	8,1	0	-9,36
9,917	5,4	-0,18	-4,68
9,972	1,44	-0,18	1,08
10,026	-2,52	-0,18	6,48
10,082	-6,12	-0,18	10,62
10,138	-8,46	-0,36	12,78
10,195	-9	-0,36	12,42
10,251	-7,74	-0,36	9,54
10,308	-4,5	-0,36	4,86
10,365	-0,54	-0,18	-1,26
10,426	3,96	-0,18	-6,84
10,483	7,2	0	-10,62
10,533	8,82	0	-12,78
10,586	9	0,18	-12,78
10,638	7,56	0,36	-10,44
10,691	4,86	0,36	-6,48
10,742	1,26	0,54	-1,62
10,795	-2,52	0,54	3,96
10,846	-5,76	0,54	8,64
10,897	-7,92	0,36	11,7
10,948	-8,64	0,36	12,96
11	-7,92	0,18	12,24
11,051	-5,58	0	9,36
11,103	-2,34	-0,18	4,68
11,157	1,44	-0,36	-0,54
11,211	5,04	-0,54	-5,94
11,264	7,74	-0,54	-10,44
11,322	8,82	-0,54	-12,78
11,378	8,1	-0,36	-12,78
11,436	5,58	-0,18	-10,08
11,492	1,98	-0,18	-5,4
11,547	-1,98	0	-0,18
11,601	-5,4	0,18	5,58
11,654	-7,74	0,18	9,9
11,707	-8,46	0,18	12,42
11,763	-7,56	0,18	12,96
11,817	-5,22	0,18	10,98
11,869	-1,98	0,18	7,02
11,923	1,98	0,18	2,16
11,975	5,22	0,18	-2,88
12,027	7,74	0,18	-7,92
12,082	8,82	0,18	-11,34
12,131	8,46	0,18	-12,78
12,184	6,3	0,18	-12,24
12,236	3,24	0,18	-9,54
12,29	-0,36	0,18	-4,86
12,346	-4,14	0	0,72
12,399	-6,84	0	5,76
12,451	-8,28	-0,18	10,26
12,508	-8,1	-0,36	12,6
12,564	-6,12	-0,54	12,42
12,62	-2,88	-0,54	9,9
12,675	0,9	-0,54	5,58
12,731	4,5	-0,54	0,18
12,785	7,02	-0,36	-5,04
12,84	8,46	-0,18	-9,54
12,896	7,92	0,18	-12,42
12,952	5,94	0,36	-12,78
13,006	2,88	0,54	-10,8
13,06	-0,72	0,72	-6,48
13,117	-4,14	0,72	-1,26
13,174	-6,84	0,72	4,68
13,228	-7,92	0,54	9
13,28	-7,38	0,36	12,06
13,334	-5,4	0	12,96
13,387	-2,52	-0,18	11,34
13,444	1,26	-0,36	7,74
13,496	4,32	-0,54	2,88
13,55	6,84	-0,54	-2,7
13,605	7,92	-0,54	-7,74
13,66	7,56	-0,54	-11,52
13,716	5,58	-0,36	-12,96
13,772	2,34	0	-12,06
13,825	-1,08	0	-9
13,881	-4,32	0,18	-3,96
13,936	-6,66	0,18	1,44
13,989	-7,74	0,18	6,66
14,042	-7,2	0,18	10,62
14,095	-5,22	0,18	12,6
14,148	-2,34	0	12,6
14,199	0,9	0	10,62
14,249	3,96	0	6,84
14,3	6,3	0	1,98
14,351	7,74	0	-3,06
14,403	7,92	0,18	-8,1
14,458	6,3	0,18	-11,34
14,51	3,96	0,36	-12,78
14,562	0,72	0,36	-11,88
14,617	-2,7	0,36	-9
14,673	-5,58	0,36	-4,14
14,728	-7,2	0,18	1,62
14,781	-7,38	-0,18	6,84
14,836	-6,12	-0,36	10,8
14,893	-3,6	-0,54	12,6
14,948	-0,18	-0,72	12,06
15,004	3,06	-0,9	9,18
15,057	5,76	-0,72	5,04
15,111	7,2	-0,54	-0,54
15,169	7,38	-0,18	-6,12
15,226	5,76	0	-10,26
15,28	3,24	0,36	-12,42
15,333	0,18	0,72	-12,42
15,387	-2,88	0,9	-10,26
15,441	-5,4	0,9	-5,94
15,499	-6,84	0,9	-0,36
15,555	-6,66	0,54	5,22
15,609	-5,22	0,36	9,72
15,662	-2,7	0	12,24
15,715	0,36	-0,36	12,6
15,769	3,42	-0,54	10,8
15,826	5,76	-0,72	7,02
15,879	7,02	-0,72	1,8
15,934	7,02	-0,72	-3,78
15,991	5,22	-0,36	-8,64
16,046	2,7	-0,18	-11,88
16,103	-0,72	0	-12,78
16,158	-3,6	0,18	-11,16
16,214	-5,94	0,36	-7,38
16,273	-6,84	0,36	-1,98
16,33	-6,3	0,18	3,6
16,382	-4,5	0,18	8,28
16,438	-1,8	0	11,7
16,492	1,26	-0,18	12,78
16,545	4,14	-0,18	11,52
16,6	6,3	-0,18	8,28
16,655	7,02	-0,18	3,24
16,71	6,66	0	-2,16
16,766	4,68	0,18	-7,2
16,821	1,98	0,36	-10,98
16,874	-0,9	0,54	-12,6
16,932	-3,96	0,54	-11,88
16,989	-5,94	0,54	-8,64
17,045	-6,66	0,36	-3,96
17,101	-5,94	0	1,62
17,154	-3,96	-0,36	7,02
17,211	-1,08	-0,72	10,8
17,269	1,98	-0,9	12,42
17,323	4,5	-0,9	11,88
17,377	6,12	-0,9	9,18
17,431	6,66	-0,72	4,32
17,487	5,76	-0,36	-0,9
17,543	3,6	0	-5,94
17,597	0,9	0,36	-9,9
17,649	-1,98	0,72	-12,24
17,71	-4,5	0,9	-12,06
17,765	-5,94	1,08	-9,54
17,819	-6,12	0,9	-5,22
17,875	-5,04	0,72	0,18
17,928	-2,88	0,36	5,22
17,982	-0,18	0	9,72
18,037	2,52	-0,36	12,06
18,09	4,86	-0,54	12,42
18,147	6,3	-0,72	10,44
18,199	6,3	-0,72	6,48
18,253	5,22	-0,54	1,44
18,307	3,24	-0,36	-3,96
18,364	0,36	-0,18	-8,82
18,422	-2,7	0	-11,88
18,479	-4,86	0,18	-12,6
18,533	-5,94	0,36	-10,8
18,589	-5,94	0,36	-7,02
18,645	-4,5	0,18	-1,98
18,701	-2,16	0	3,6
18,756	0,54	-0,18	8,46
18,812	3,42	-0,18	11,7
18,867	5,4	-0,36	12,6
18,922	6,3	-0,36	11,16
18,978	6,12	-0,18	7,2
19,035	4,5	0	2,7
19,088	2,16	0,36	-2,52
19,142	-0,54	0,54	-7,74
19,199	-3,24	0,72	-11,34
19,257	-5,22	0,72	-12,42
19,314	-5,76	0,54	-11,16
19,37	-5,22	0,36	-7,56
19,429	-3,42	0	-2,52
19,485	-0,9	-0,36	3,06
19,54	1,62	-0,72	7,74
19,594	3,96	-0,9	10,98
19,647	5,58	-0,9	12,24
19,704	5,94	-0,9	11,16
19,758	5,22	-0,72	8,1
19,814	3,42	-0,36	3,24
19,868	0,9	0	-1,62
19,922	-1,62	0,36	-6,66
19,978	-3,96	0,72	-10,44
20,035	-5,4	0,9	-12,24
20,09	-5,58	0,9	-11,52
20,145	-4,5	0,9	-8,64
20,201	-2,52	0,72	-3,96
20,257	0,18	0,36	1,08
20,307	2,52	0	5,76
20,357	4,32	-0,18	9,72
20,411	5,76	-0,36	12,06
20,467	5,94	-0,54	12,06
20,52	5,04	-0,54	9,9
20,574	3,06	-0,54	5,94
20,627	0,54	-0,36	0,72
20,682	-1,98	-0,18	-4,5
20,741	-4,32	0	-9,18
20,798	-5,58	0,18	-11,7
20,853	-5,76	0,18	-12,24
20,906	-4,68	0,18	-10,26
20,962	-2,52	0,18	-6,48
21,019	0,18	0	-1,62
21,071	2,7	-0,18	3,78
21,126	4,68	-0,36	8,28
21,181	5,94	-0,36	11,34
21,236	5,94	-0,36	12,24
21,288	4,86	-0,18	10,98
21,342	2,7	0	7,92
21,393	0,36	0,18	3,6
21,442	-1,98	0,36	-1,26
21,495	-3,96	0,54	-6,12
21,551	-5,4	0,72	-9,9
21,603	-5,58	0,72	-11,88
21,658	-4,5	0,54	-11,7
21,715	-2,7	0,36	-9,18
21,769	-0,18	0	-5,04
21,823	2,34	-0,36	0
21,877	4,32	-0,72	5,04
21,932	5,58	-0,9	9,18
21,986	5,76	-0,9	11,52
22,039	4,68	-0,9	11,7
22,096	2,7	-0,72	9,72
22,15	0,18	-0,36	5,94
22,204	-2,34	0	1,26
22,257	-4,32	0,36	-3,96
22,314	-5,4	0,54	-8,28
22,369	-5,4	0,72	-10,98
22,423	-4,32	0,9	-11,88
22,48	-2,16	0,72	-10,26
22,535	0,54	0,54	-6,84
22,59	3,06	0,36	-2,16
22,645	4,86	0	3,06
22,697	5,94	-0,18	7,56
22,751	5,76	-0,36	10,62
22,806	4,5	-0,36	11,7
22,86	2,52	-0,54	10,8
22,915	-0,18	-0,36	7,56
22,974	-2,88	-0,18	2,52
23,031	-4,86	0	-2,34
23,087	-5,76	0	-7,02
23,143	-5,4	0,18	-10,44
23,2	-3,78	0,18	-11,7
23,258	-1,44	0,18	-10,62
23,317	1,44	0	-7,56
23,371	3,78	-0,18	-2,7
23,428	5,4	-0,18	2,52
23,482	5,94	-0,36	7,02
23,535	5,4	-0,36	10,26
23,59	3,78	-0,18	11,7
23,643	1,44	0	10,98
23,694	-0,9	0,18	8,46
23,747	-3,24	0,36	4,5
23,802	-5,04	0,54	-0,36
23,858	-5,58	0,54	-5,4
23,915	-5,04	0,54	-9,36
23,971	-3,24	0,54	-11,34
24,027	-0,9	0,36	-11,16
24,083	1,8	0	-9
24,136	4,14	-0,18	-4,86
24,194	5,58	-0,54	0,18
24,249	5,76	-0,72	5,04
24,305	5,04	-0,72	8,82
24,359	3,24	-0,72	10,98
24,414	0,72	-0,72	11,16
24,468	-1,8	-0,36	9
24,524	-4,14	-0,18	5,22
24,58	-5,58	0,18	0,72
24,632	-5,76	0,36	-3,78
24,686	-4,86	0,54	-8,1
24,743	-2,88	0,54	-10,8
24,801	0	0,54	-11,16
24,853	2,52	0,54	-9,54
24,909	4,68	0,36	-6,3
24,962	5,94	0,18	-1,98
25,015	6,12	0	2,88
25,065	5,22	-0,18	7,2
25,12	3,42	-0,18	10,08
25,176	0,72	-0,18	11,16
25,232	-1,98	-0,18	10,08
25,289	-4,32	-0,18	6,84
25,347	-5,76	-0,18	2,16
25,404	-5,94	0	-2,52
25,46	-4,68	0	-7,2
25,52	-2,34	0	-10,26
25,576	0,54	0	-11,16
25,632	3,06	-0,18	-10,08
25,688	5,04	-0,18	-6,84
25,744	6,12	-0,18	-2,34
25,799	5,94	-0,18	2,7
25,855	4,5	-0,18	7,02
25,909	2,16	0	9,72
25,959	-0,18	0	10,98
26,012	-2,88	0,18	10,44
26,065	-4,68	0,36	7,92
26,118	-5,76	0,54	4,32
26,171	-5,76	0,54	-0,18
26,226	-4,32	0,54	-4,86
26,282	-2,16	0,36	-8,82
26,339	0,72	0,36	-10,8
26,392	3,24	0	-10,8
26,445	5,04	-0,18	-8,64
26,501	6,12	-0,36	-5,04
26,557	5,94	-0,54	-0,36
26,612	4,5	-0,54	4,32
26,667	2,16	-0,54	8,1
26,721	-0,54	-0,54	10,44
26,777	-3,24	-0,36	10,62
26,835	-5,22	-0,18	8,64
26,89	-6,12	0	5,22
26,945	-5,76	0,18	0,9
26,997	-4,14	0,36	-3,6
27,053	-1,8	0,36	-7,56
27,108	1,08	0,36	-9,9
27,16	3,6	0,36	-10,8
27,213	5,58	0,36	-9,72
27,265	6,48	0,36	-6,84
27,319	6,3	0,18	-2,88
27,369	5,04	0,18	1,44
27,421	2,88	0	5,58
27,472	0,18	0	8,64
27,522	-2,34	0	10,44
27,575	-4,5	0	10,44
27,627	-5,94	0	8,46
27,681	-6,12	-0,18	4,86
27,737	-5,22	-0,18	0,54
27,791	-3,06	-0,18	-4,32
27,85	-0,18	-0,18	-8,28
27,91	2,88	-0,18	-10,44
27,968	5,04	-0,18	-10,44
28,027	6,3	-0,18	-8,28
28,083	6,12	-0,18	-4,68
28,139	4,68	-0,18	0
28,193	2,34	0	4,32
28,244	-0,18	0	7,92
28,298	-2,88	0,18	10,08
28,351	-4,86	0,36	10,62
28,403	-5,94	0,36	9,18
28,455	-5,76	0,36	6,48
28,507	-4,68	0,36	2,34
28,561	-2,52	0,36	-2,16
28,616	0,18	0,36	-6,12
28,668	2,7	0,18	-9,18
28,722	4,86	0	-10,44
28,775	6,12	0	-10,08
28,826	6,3	-0,18	-7,74
28,882	5,22	-0,36	-3,96
28,939	2,88	-0,36	0,72
28,993	0,18	-0,36	5,22
29,05	-2,52	-0,36	8,64
29,106	-4,86	-0,36	10,26
29,162	-5,94	-0,18	9,9
29,219	-5,94	-0,18	7,56
29,278	-4,5	0	3,6
29,333	-2,16	0	-0,72
29,389	0,54	0,18	-4,86
29,442	3,24	0,18	-8,28
29,496	5,4	0,36	-10,08
29,551	6,3	0,36	-10,08
29,603	6,3	0,36	-8,28
29,658	4,86	0,36	-5,04
29,71	2,88	0,36	-0,9
29,763	0,18	0,18	3,24
29,812	-2,34	0,18	7,02
29,865	-4,5	0	9,54
29,917	-5,76	0	10,26
29,971	-5,94	0	9,36
30,027	-5,04	-0,18	6,3
30,084	-2,88	-0,18	2,16
30,141	-0,18	-0,36	-2,52
30,199	2,7	-0,36	-6,84
30,259	5,04	-0,36	-9,54
30,316	6,12	-0,36	-10,44
30,374	5,76	-0,18	-9,18
30,43	4,32	0	-6,3
30,483	2,16	0	-2,34
30,537	-0,36	0,18	2,34
30,59	-2,88	0,18	6,12
30,642	-4,68	0,36	9
30,696	-5,76	0,36	10,26
30,747	-5,58	0,36	9,9
30,799	-4,5	0,36	7,74
30,851	-2,34	0,36	4,32
30,904	0,18	0,18	0,18
30,954	2,52	0,18	-3,78
31,008	4,68	0	-7,56
31,061	5,94	0	-9,72
31,115	6,12	0	-10,26
31,165	5,22	0	-9,18
31,22	3,24	-0,18	-6,3
31,272	0,9	-0,18	-2,16
31,33	-1,98	-0,18	2,7
31,387	-4,32	-0,18	6,84
31,443	-5,58	-0,18	9,36
31,499	-5,76	-0,18	10,26
31,555	-4,68	-0,18	9
31,612	-2,7	-0,18	5,94
31,668	0	-0,18	1,8
31,724	2,7	0	-2,16
31,779	4,86	0,18	-6,3
31,834	5,94	0,18	-9
31,887	5,94	0,36	-10,26
31,94	4,86	0,36	-9,54
31,992	3,06	0,36	-7,2
32,046	0,54	0,36	-3,6
32,1	-1,98	0,36	0,9
32,153	-4,14	0,36	4,86
32,204	-5,22	0,18	8,1
32,26	-5,58	0	10,08
32,316	-4,68	-0,18	9,9
32,373	-2,7	-0,36	7,74
32,428	-0,18	-0,36	4,14
32,484	2,34	-0,54	-0,36
32,543	4,5	-0,54	-4,86
32,6	5,58	-0,36	-8,28
32,656	5,58	-0,18	-10,08
32,712	4,32	-0,18	-9,9
32,769	2,16	0	-8,1
32,82	-0,18	0,18	-4,68
32,876	-2,52	0,36	-0,18
32,932	-4,32	0,36	4,32
32,987	-5,22	0,36	7,92
33,041	-5,04	0,36	9,9
33,096	-3,78	0,18	10,08
33,149	-1,8	0,18	8,64
33,201	0,54	0,18	5,76
33,252	2,7	0	1,98
33,303	4,5	0	-2,16
33,356	5,4	0	-6,3
33,412	5,4	0	-9
33,467	4,32	0	-10,26
33,52	2,52	0	-9,54
33,572	0,18	0	-7,38
33,625	-1,98	0	-3,6
33,681	-3,96	0	1,08
33,736	-5,04	-0,18	5,22
33,791	-5,22	-0,18	8,46
33,847	-4,14	-0,36	10,08
33,906	-2,16	-0,36	9,54
33,96	0,18	-0,36	7,38
34,013	2,34	-0,36	3,96
34,067	4,32	-0,18	-0,36
34,123	5,22	0	-4,5
34,176	5,22	0,18	-7,92
34,229	4,32	0,36	-9,72
34,281	2,52	0,54	-10,08
34,335	0,36	0,54	-8,46
34,386	-1,8	0,54	-5,22
34,444	-3,6	0,54	-0,9
34,501	-4,68	0,36	3,6
34,554	-4,68	0,18	7,2
34,608	-3,78	0	9,54
34,664	-1,98	-0,36	10,08
34,722	0,18	-0,54	8,82
34,773	2,16	-0,54	5,94
34,825	3,78	-0,54	1,98
34,877	4,68	-0,54	-2,16
34,931	4,86	-0,36	-6,3
34,988	3,78	-0,18	-9,18
35,045	2,16	0	-10,26
35,097	0,18	0,18	-9,54
35,151	-1,98	0,36	-7,02
35,206	-3,6	0,36	-3,24
35,261	-4,5	0,36	1,26
35,316	-4,5	0,36	5,58
35,369	-3,6	0,18	8,64
35,423	-1,8	0,18	10,08
35,475	0,18	0	9,9
35,525	1,98	0	8,28
35,577	3,6	0	5,04
35,627	4,68	0	1,08
35,678	4,86	0	-3,06
35,734	4,14	0	-6,84
35,786	2,7	0	-9,36
35,841	0,72	0,18	-10,26
35,891	-1,08	0,18	-9,36
35,947	-3,06	0,18	-6,48
36,005	-4,14	0	-2,52
36,059	-4,5	0	1,98
36,113	-3,78	-0,18	6,12
36,169	-2,34	-0,36	9
36,226	-0,36	-0,54	10,08
36,282	1,62	-0,54	9,18
36,338	3,42	-0,36	6,66
36,392	4,32	-0,36	2,88
36,444	4,5	0	-0,9
36,495	3,78	0,18	-5,04
36,549	2,52	0,36	-8,1
36,601	0,72	0,54	-9,9
36,654	-1,08	0,72	-9,9
36,709	-2,7	0,72	-7,92
36,764	-3,78	0,54	-4,32
36,822	-3,96	0,54	0
36,875	-3,42	0,18	4,14
36,929	-1,98	0	7,56
36,981	-0,36	-0,18	9,72
37,038	1,62	-0,54	9,9
37,09	3,06	-0,54	8,46
37,144	3,96	-0,72	5,4
37,198	4,14	-0,54	1,26
37,252	3,42	-0,36	-2,88
37,307	2,16	-0,18	-6,84
37,362	0,36	0	-9,18
37,416	-1,44	0,18	-10,08
37,472	-2,88	0,36	-9,18
37,526	-3,78	0,36	-6,3
37,583	-3,78	0,36	-2,16
37,638	-3,06	0,36	2,34
37,692	-1,62	0,18	6,12
37,745	0	0	8,82
37,796	1,8	0	10,08
37,847	3,06	0	9,72
37,901	3,96	0	7,56
37,954	4,14	0	4,14
38,005	3,6	0	0,18
38,054	2,34	0	-3,78
38,108	0,72	0,18	-7,38
38,163	-1,08	0,18	-9,72
38,22	-2,7	0,18	-10,08
38,275	-3,6	0,18	-8,28
38,332	-3,78	0	-5,04
38,39	-3,06	-0,18	-0,18
38,452	-1,62	-0,36	4,32
38,509	0,18	-0,54	7,74
38,563	1,8	-0,54	9,54
38,615	3,06	-0,54	9,9
38,669	3,78	-0,54	8,28
38,723	3,78	-0,36	5,22
38,777	3,06	-0,18	1,26
38,829	1,8	0,18	-2,7
38,883	0,18	0,36	-6,3
38,936	-1,44	0,54	-9,18
38,993	-2,7	0,72	-9,9
39,049	-3,24	0,72	-8,82
39,105	-3,24	0,54	-5,94
39,16	-2,34	0,36	-1,98
39,217	-0,9	0,18	2,52
39,271	0,54	0	6,12
39,322	1,98	-0,36	8,64
39,374	3,06	-0,54	9,9
39,427	3,6	-0,54	9,36
39,48	3,6	-0,54	7,02
39,533	2,7	-0,54	3,6
39,587	1,44	-0,36	-0,54
39,642	-0,18	-0,18	-5,04
39,702	-1,98	0	-8,28
39,757	-3,06	0,18	-9,9
39,814	-3,42	0,18	-9,54
39,869	-3,24	0,36	-7,2
39,926	-2,16	0,18	-3,78
39,981	-0,72	0,18	0,54
40,035	0,9	0	4,32
40,084	2,34	0	7,74
40,139	3,42	0	9,54
40,188	3,78	-0,18	9,9
40,244	3,6	-0,18	8,28
40,299	2,7	0	5,4
40,349	1,26	0	1,62
40,4	-0,18	0,18	-2,52
40,456	-1,8	0,36	-6,48
40,513	-3,06	0,36	-9,18
40,57	-3,42	0,36	-9,9
40,625	-3,06	0,18	-8,82
40,681	-2,16	0	-5,94
40,737	-0,72	-0,18	-1,62
40,797	1,08	-0,36	2,7
40,852	2,52	-0,54	6,3
40,904	3,42	-0,54	8,82
40,959	3,6	-0,72	9,72
41,014	3,06	-0,54	8,82
41,07	1,98	-0,36	6,3
41,121	0,54	0	2,88
41,171	-0,9	0,18	-1,26
41,228	-2,34	0,36	-5,4
41,283	-3,06	0,54	-8,28
41,337	-3,24	0,72	-9,54
41,393	-2,7	0,72	-9,18
41,448	-1,62	0,54	-7,02
41,504	0	0,36	-3,6
41,558	1,44	0,18	0,54
41,61	2,88	0	4,5
41,662	3,6	-0,36	7,56
41,716	3,6	-0,36	9,36
41,771	3,06	-0,54	9,36
41,822	1,98	-0,54	7,92
41,877	0,36	-0,36	4,86
41,928	-1,08	-0,36	0,72
41,984	-2,52	-0,18	-3,6
42,044	-3,42	0	-7,2
42,101	-3,6	0,18	-9,18
42,155	-2,88	0,18	-9,54
42,21	-1,62	0,18	-8,28
42,264	0	0,18	-5,4
42,317	1,62	0,18	-1,98
42,367	2,88	0	2,16
42,417	3,6	0	5,58
42,466	3,78	0	8,1
42,519	3,42	0	9,54
42,571	2,34	0	9,18
42,623	0,72	0	7,38
42,676	-0,72	0,18	3,96
42,732	-2,34	0,36	-0,18
42,79	-3,24	0,36	-4,32
42,845	-3,6	0,36	-7,56
42,9	-3,06	0,36	-9,36
42,957	-1,8	0,18	-9,18
43,014	-0,18	0	-7,38
43,07	1,44	-0,18	-3,96
43,127	2,88	-0,36	0,18
43,18	3,6	-0,54	4,14
43,234	3,78	-0,54	7,2
43,288	3,06	-0,54	9
43,342	1,8	-0,54	9,18
43,396	0,18	-0,36	7,74
43,45	-1,44	0	4,86
43,503	-2,7	0,18	1,26
43,556	-3,42	0,36	-2,88
43,612	-3,6	0,54	-6,3
43,67	-2,7	0,54	-8,64
43,726	-1,26	0,54	-9,18
43,783	0,54	0,54	-8,1
43,834	1,98	0,36	-5,58
43,888	3,24	0,18	-1,98
43,941	3,96	0	1,8
43,99	3,96	-0,18	5,4
44,044	3,24	-0,36	7,92
44,097	1,8	-0,36	9,18
44,149	0,18	-0,36	8,64
44,204	-1,44	-0,36	6,48
44,26	-2,88	-0,18	3,06
44,317	-3,78	-0,18	-1,08
44,376	-3,78	0	-4,86
44,43	-2,88	0	-7,56
44,483	-1,62	0	-9
44,539	0,36	0	-9
44,59	1,98	0	-7,2
44,642	3,24	0	-4,14
44,695	3,96	0	-0,72
44,746	4,14	0	3,06
44,796	3,42	0	6,3
44,849	2,16	0	8,46
44,9	0,54	0	9,18
44,949	-0,9	0,18	8,28
45,003	-2,52	0,18	6,12
45,056	-3,42	0,36	2,88
45,107	-3,78	0,36	-0,72
45,164	-3,24	0,36	-4,86
45,221	-2,16	0,18	-7,56
45,275	-0,36	0,18	-9
45,332	1,44	0	-8,64
45,383	2,88	-0,18	-6,84
45,438	3,78	-0,36	-3,6
45,494	4,14	-0,36	0,54
45,55	3,42	-0,54	4,14
45,602	2,16	-0,54	6,84
45,656	0,54	-0,54	8,64
45,709	-1,26	-0,36	8,64
45,767	-2,88	-0,18	7,02
45,82	-3,78	0	4,14
45,875	-3,96	0,18	0,36
45,93	-3,24	0,36	-3,06
45,985	-1,98	0,54	-6,48
46,043	0	0,54	-8,46
46,097	1,8	0,36	-8,82
46,151	3,24	0,36	-7,56
46,205	4,14	0,18	-5,04
46,258	4,32	0	-1,62
46,311	3,6	0	2,16
46,362	2,34	-0,18	5,58
46,418	0,54	-0,18	7,92
46,473	-1,44	-0,18	8,82
46,53	-2,88	-0,18	7,74
46,59	-3,96	-0,18	5,22
46,646	-4,14	-0,18	1,44
46,706	-3,24	-0,18	-2,7
46,767	-1,44	-0,18	-6,3
46,826	0,54	0	-8,28
46,877	2,16	0	-8,82
46,93	3,6	0	-7,74
46,985	4,32	0	-5,4
47,039	4,14	0	-1,98
47,095	3,24	0	1,8
47,146	1,8	0	5,22
47,2	0	0,18	7,56
47,249	-1,62	0,18	8,64
47,302	-3,06	0,18	8,28
47,356	-3,96	0,18	6,48
47,408	-3,96	0,18	3,6
47,46	-3,24	0,18	0,18
47,513	-1,8	0,18	-3,42
47,566	-0,18	0,18	-6,48
47,621	1,8	0	-8,28
47,673	3,24	0	-8,64
47,725	4,14	-0,18	-7,56
47,781	4,32	-0,36	-4,68
47,84	3,42	-0,36	-1,08
47,898	1,98	-0,36	2,7
47,95	0,18	-0,36	5,94
48,003	-1,62	-0,36	7,92
48,06	-3,24	-0,18	8,46
48,12	-4,14	0	7,2
48,175	-3,96	0	4,68
48,229	-3,06	0,18	1,44
48,283	-1,62	0,18	-2,16
48,339	0,36	0,36	-5,4
48,392	2,16	0,36	-7,56
48,447	3,6	0,36	-8,46
48,5	4,32	0,36	-7,74
48,556	4,32	0,18	-5,58
48,609	3,6	0,18	-2,34
48,666	1,98	0	1,26
48,718	0,18	0	4,68
48,77	-1,62	0	7,2
48,824	-3,06	-0,18	8,28
48,881	-4,14	-0,18	7,92
48,936	-4,14	-0,18	5,94
48,992	-3,24	-0,18	2,7
49,049	-1,62	-0,18	-1,08
49,108	0,36	-0,18	-4,68
49,166	2,34	-0,18	-7,2
49,222	3,6	-0,18	-8,46
49,278	4,32	0	-8,1
49,331	4,14	0	-6,12
49,386	3,06	0	-3,06
49,441	1,44	0,18	0,54
49,494	-0,36	0,18	4,14
49,55	-2,16	0,18	6,84
49,605	-3,42	0,18	8,28
49,66	-3,96	0,18	8,28
49,714	-3,78	0,18	6,66
49,768	-2,7	0,18	3,96
49,82	-1,26	0,18	0,54
49,872	0,54	0	-2,7
49,924	2,16	0	-5,76
49,978	3,6	0	-7,74
50,031	4,14	-0,18	-8,46
50,085	4,14	-0,18	-7,38
50,143	3,06	-0,18	-4,86
50,2	1,44	-0,18	-1,44
50,257	-0,54	-0,18	2,34
50,314	-2,34	-0,18	5,58
50,371	-3,6	-0,18	7,74
50,427	-4,14	-0,18	8,28
50,485	-3,6	0	7,2
50,539	-2,52	0	4,86
50,592	-0,9	0	1,62
50,645	0,9	0,18	-1,62
50,698	2,52	0,18	-4,86
50,751	3,78	0,18	-7,2
50,804	4,32	0,36	-8,28
50,857	4,14	0,36	-7,74
50,913	3,06	0,36	-5,76
50,968	1,44	0,18	-2,88
51,021	-0,36	0,18	0,72
51,074	-1,98	0	3,96
51,127	-3,24	0	6,48
51,179	-3,96	-0,18	8,1
51,236	-3,78	-0,18	7,92
51,292	-2,7	-0,36	6,3
51,348	-1,26	-0,36	3,24
51,405	0,72	-0,36	0
51,457	2,16	-0,36	-3,42
51,514	3,42	-0,18	-6,3
51,57	3,96	-0,18	-8,1
51,625	3,78	0	-8,28
51,677	2,88	0	-7,02
51,731	1,26	0,18	-4,5
51,784	-0,36	0,18	-0,9
51,842	-1,98	0,36	2,7
51,894	-3,24	0,36	5,76
51,948	-3,6	0,36	7,74
52,003	-3,42	0,18	8,28
52,059	-2,34	0,18	7,38
52,111	-0,9	0	5,04
52,163	0,72	0	2,16
52,213	2,16	0	-1,08
52,266	3,42	0	-4,5
52,32	3,96	0	-7,02
52,375	3,78	0	-8,28
52,43	2,88	0	-7,92
52,483	1,44	0	-6,3
52,537	-0,18	0	-3,42
52,593	-1,8	-0,18	0,36
52,647	-3,06	-0,18	3,78
52,703	-3,6	-0,18	6,66
52,762	-3,42	-0,18	8,1
52,821	-2,34	-0,18	7,92
52,879	-0,9	-0,18	5,94
52,934	0,9	0	3,42
52,983	2,34	0	0,18
53,034	3,42	0,18	-3,06
53,087	3,96	0,18	-5,94
53,141	3,78	0,36	-7,74
53,195	2,88	0,36	-8,1
53,245	1,62	0,36	-7,2
53,299	0	0,36	-5,04
53,35	-1,44	0,36	-1,8
53,405	-2,7	0,18	1,8
53,457	-3,42	0	4,86
53,511	-3,42	-0,18	7,38
53,568	-2,7	-0,18	8,1
53,624	-1,26	-0,36	7,56
53,679	0,36	-0,36	5,4
53,733	1,8	-0,54	2,34
53,787	2,88	-0,36	-1,08
53,842	3,6	-0,36	-4,5
53,898	3,42	-0,18	-7,02
53,955	2,52	0	-8,28
54,006	1,44	0,18	-7,92
54,061	-0,18	0,18	-6,12
54,117	-1,62	0,36	-3,06
54,171	-2,7	0,36	0,36
54,224	-3,06	0,36	3,96
54,28	-3,06	0,18	6,66
54,333	-2,16	0,18	8,1
54,387	-0,9	0	8,1
54,44	0,54	0	6,84
54,492	1,8	0	4,32
54,543	2,88	0	1,26
54,593	3,42	0	-2,16
54,648	3,42	0	-5,22
54,701	2,7	0	-7,38
54,753	1,62	0	-8,28
54,805	0,18	0	-7,74
54,856	-1,08	0	-5,94
54,911	-2,34	0	-2,7
54,967	-3,06	0	0,9
55,019	-3,06	-0,18	4,32
55,075	-2,52	-0,18	6,84
55,132	-1,44	-0,18	8,1
55,188	0	-0,18	7,74
55,242	1,44	-0,18	6,12
55,295	2,7	-0,18	3,24
55,349	3,24	0	0,18
55,398	3,42	0,18	-3,06
55,452	2,7	0,36	-5,94
55,506	1,8	0,36	-7,74
55,559	0,54	0,54	-8,1
55,611	-0,9	0,54	-7,02
55,668	-1,98	0,36	-4,32
55,727	-2,7	0,36	-0,72
55,784	-2,88	0,18	2,88
55,84	-2,16	0	5,94
55,894	-1,08	-0,36	7,74
55,952	0,18	-0,36	8,1
56,006	1,44	-0,54	7,02
56,058	2,34	-0,54	4,5
56,113	2,88	-0,54	1,26
56,168	2,88	-0,36	-2,16
56,224	2,16	-0,18	-5,4
56,279	1,08	0	-7,56
56,334	-0,18	0,18	-8,28
56,39	-1,44	0,36	-7,38
56,446	-2,16	0,36	-5,04
56,502	-2,7	0,36	-1,8
56,557	-2,34	0,36	1,98
56,612	-1,62	0,18	5,4
56,668	-0,54	0,18	7,56
56,723	0,72	0	8,28
56,775	1,8	0	7,56
56,827	2,7	-0,18	5,58
56,885	2,88	-0,18	2,34
56,938	2,7	0	-0,9
56,991	1,98	0	-4,14
57,044	0,9	0	-6,84
57,1	-0,36	0	-8,1
57,154	-1,44	0	-7,92
57,209	-2,34	0	-6,3
57,264	-2,52	0	-3,42
57,316	-2,34	0	0
57,368	-1,62	-0,18	3,6
57,426	-0,54	-0,18	6,48
57,483	0,72	-0,36	7,92
57,538	1,8	-0,36	8,1
57,593	2,52	-0,18	6,48
57,647	2,7	-0,18	3,78
57,702	2,52	0	0,54
57,753	1,8	0,18	-2,7
57,806	0,72	0,36	-5,58
57,86	-0,36	0,54	-7,56
57,917	-1,44	0,54	-8,1
57,974	-2,16	0,54	-7,02
58,029	-2,34	0,36	-4,5
58,086	-1,98	0,18	-1,08
58,143	-1,08	0	2,52
58,197	0	-0,18	5,58
58,252	1,08	-0,36	7,56
58,307	1,98	-0,54	8,1
58,361	2,52	-0,54	7,2
58,416	2,52	-0,54	4,68
58,47	1,98	-0,36	1,44
58,526	1,26	-0,18	-1,98
58,581	0	0	-5,04
58,635	-0,9	0,18	-7,38
58,693	-1,8	0,18	-8,1
58,747	-2,16	0,36	-7,38
58,803	-2,16	0,36	-5,22
58,859	-1,62	0,36	-1,98
58,915	-0,72	0,18	1,62
58,968	0,54	0,18	4,68
59,019	1,44	0	7,02
59,069	2,16	0	8,1
59,122	2,52	0	7,92
59,177	2,52	-0,18	6,12
59,232	1,98	0	3,42
59,283	1,08	0	0,18
59,334	0,18	0	-3,06
59,387	-0,9	0	-6,12
59,443	-1,8	0,18	-7,74
59,497	-2,16	0,18	-8,1
59,555	-2,16	0	-6,84
59,611	-1,62	0	-3,96
59,669	-0,72	-0,18	-0,36
59,727	0,36	-0,18	3,06
59,779	1,44	-0,36	5,94
59,832	2,16	-0,36	7,56
59,886	2,52	-0,36	8,1
59,941	2,34	-0,18	6,84
59,996	1,8	-0,18	4,5
60,05	0,9	0	1,44
60,102	-0,18	0,18	-1,98
60,158	-1,08	0,36	-5,04
60,212	-1,8	0,54	-7,2
60,269	-1,98	0,54	-7,92
60,327	-1,8	0,54	-7,02
60,381	-1,08	0,36	-4,86
60,437	-0,18	0,18	-1,62
60,494	0,9	0	1,8
60,546	1,8	-0,18	5,04
60,6	2,16	-0,36	7,02
60,655	2,34	-0,54	7,92
60,711	1,98	-0,54	7,2
60,764	1,26	-0,54	5,4
60,816	0,36	-0,36	2,52
60,87	-0,72	-0,18	-1,08
60,929	-1,62	0	-4,32
60,985	-2,16	0,18	-6,84
61,041	-2,16	0,18	-7,92
61,099	-1,62	0,36	-7,38
61,155	-0,72	0,36	-5,58
61,211	0,36	0,18	-2,52
61,264	1,26	0,18	0,72
61,314	1,98	0	3,78
61,364	2,52	0	6,12
61,415	2,52	0	7,74
61,466	2,16	0	7,92
61,52	1,44	0	6,66
61,571	0,36	0	4,5
61,622	-0,54	0	1,26
61,677	-1,44	0,18	-1,98
61,734	-2,16	0,18	-5,22
61,788	-2,16	0,18	-7,2
61,843	-1,8	0,18	-7,92
61,898	-1,08	0	-7,2
61,953	0	0	-5,22
62,005	0,9	-0,18	-2,16
62,059	1,8	-0,36	1,26
62,111	2,34	-0,36	4,32
62,164	2,52	-0,36	6,66
62,218	2,16	-0,36	7,74
62,271	1,44	-0,18	7,56
62,324	0,36	-0,18	5,94
62,376	-0,54	0	3,42
62,427	-1,44	0,18	0,36
62,479	-1,98	0,36	-2,88
62,535	-2,16	0,54	-5,76
62,592	-1,8	0,54	-7,38
62,647	-1,08	0,54	-7,56
62,703	0	0,36	-6,48
62,758	1,08	0,18	-3,96
62,813	1,98	0	-0,9
62,867	2,52	-0,18	2,7
62,924	2,7	-0,36	5,4
62,979	2,16	-0,36	7,2
63,033	1,26	-0,36	7,74
63,086	0,18	-0,36	6,84
63,138	-0,9	-0,36	4,5
63,195	-1,8	-0,18	1,26
63,251	-2,34	0	-1,98
63,308	-2,34	0	-5,04
63,363	-1,8	0,18	-7,02
63,419	-0,9	0,18	-7,74
63,476	0,36	0,18	-6,84
63,529	1,44	0,18	-4,86
63,583	2,34	0,18	-1,98
63,637	2,7	0,18	1,44
63,692	2,7	0	4,5
63,746	2,16	0	6,66
63,796	1,26	0	7,56
63,846	0,18	0	7,38
63,897	-0,9	0	5,76
63,951	-1,8	0	3,24
64,005	-2,34	0,18	0,18
64,058	-2,52	0,18	-3,06
64,115	-1,98	0,18	-5,76
64,169	-1,08	0	-7,38
64,226	0,18	0	-7,56
64,282	1,26	-0,18	-6,12
64,34	2,16	-0,18	-3,6
64,396	2,7	-0,36	-0,18
64,455	2,7	-0,36	3,24
64,51	1,98	-0,36	5,94
64,564	0,9	-0,18	7,38
64,619	-0,18	-0,18	7,38
64,675	-1,44	0	6,12
64,727	-2,16	0,18	3,78
64,78	-2,52	0,18	0,9
64,832	-2,34	0,36	-2,16
64,888	-1,62	0,36	-5,04
64,945	-0,72	0,36	-7,02
65,004	0,72	0,36	-7,38
65,059	1,8	0,36	-6,48
65,113	2,7	0,18	-4,32
65,168	2,88	0	-1,26
65,223	2,7	-0,18	2,16
65,277	1,98	-0,18	4,86
65,33	0,9	-0,36	6,66
65,383	-0,36	-0,36	7,38
65,44	-1,62	-0,36	6,66
65,497	-2,34	-0,18	4,5
65,553	-2,7	-0,18	1,62
65,61	-2,52	0	-1,62
65,664	-1,62	0	-4,5
65,718	-0,54	0	-6,48
65,773	0,9	0,18	-7,38
65,827	1,98	0,18	-6,84
65,881	2,7	0,18	-5,22
65,934	3,06	0,18	-2,52
65,989	2,7	0,18	0,72
66,042	1,98	0,18	3,78
66,095	0,9	0,18	5,94
66,146	-0,36	0,18	7,2
66,201	-1,44	0,18	7,2
66,255	-2,34	0,18	5,76
66,31	-2,7	0,18	3,42
66,363	-2,52	0,18	0,36
66,416	-1,8	0	-2,7
66,473	-0,54	0	-5,4
66,529	0,72	0	-7,02
66,584	1,98	0	-7,2
66,637	2,7	-0,18	-6,12
66,694	2,88	-0,18	-3,96
66,75	2,7	-0,18	-0,72
66,807	1,8	-0,18	2,52
66,863	0,54	-0,18	5,22
66,918	-0,72	-0,18	6,84
66,974	-1,8	0	7,2
67,028	-2,52	0	6,3
67,082	-2,7	0,18	4,14
67,132	-2,34	0,18	1,62
67,186	-1,62	0,36	-1,44
67,242	-0,36	0,36	-4,32
67,299	1,08	0,36	-6,3
67,353	2,16	0,36	-7,2
67,406	2,88	0,18	-6,66
67,46	3,06	0,18	-4,86
67,513	2,88	0	-2,34
67,567	1,98	0	0,72
67,619	0,72	-0,18	3,6
67,672	-0,54	-0,18	5,94
67,729	-1,8	-0,18	7,02
67,784	-2,7	-0,18	6,84
67,841	-2,88	-0,18	5,22
67,898	-2,52	-0,18	2,52
67,954	-1,62	-0,18	-0,54
68,012	-0,18	0	-3,6
68,067	1,08	0	-5,76
68,12	2,16	0	-6,84
68,174	2,88	0	-6,84
68,229	3,06	0,18	-5,58
68,283	2,7	0,18	-3,06
68,339	1,8	0,18	-0,18
68,393	0,54	0,18	2,88
68,443	-0,72	0,18	5,22
68,497	-1,8	0,18	6,66
68,55	-2,52	0,18	7,02
68,602	-2,7	0,18	6,3
68,654	-2,52	0	4,32
68,708	-1,62	0	1,62
68,761	-0,54	0	-1,44
68,817	0,72	0	-4,32
68,871	1,98	-0,18	-6,3
68,929	2,7	-0,18	-7,02
68,985	3,06	-0,18	-6,48
69,04	2,7	-0,18	-4,68
69,096	1,8	-0,18	-1,98
69,153	0,54	-0,18	1,26
69,208	-0,9	-0,18	4,14
69,262	-1,98	-0,18	6,12
69,319	-2,7	0	7,02
69,372	-2,88	0	6,66
69,424	-2,34	0	5,04
69,478	-1,44	0,18	2,52
69,531	-0,18	0,18	-0,36
69,588	1,08	0,18	-3,24
69,641	2,16	0,18	-5,4
69,694	2,88	0,18	-6,66
69,748	3,06	0,18	-6,84
69,8	2,7	0,18	-5,76
69,851	1,98	0,18	-3,6
69,904	0,72	0	-0,9
69,957	-0,54	0	2,16
70,011	-1,62	-0,18	4,68
70,066	-2,52	-0,18	6,48
70,124	-2,88	-0,18	6,84
70,18	-2,52	-0,18	5,94
70,236	-1,62	-0,18	3,78
70,292	-0,54	-0,18	0,9
70,349	0,9	-0,18	-1,98
70,405	1,98	-0,18	-4,68
70,462	2,88	0	-6,48
70,517	2,88	0	-6,84
70,571	2,7	0,18	-6,12
70,626	1,62	0,18	-4,14
70,68	0,54	0,18	-1,62
70,734	-0,72	0,18	1,44
70,788	-1,8	0,18	4,32
70,842	-2,34	0,18	6,12
70,895	-2,52	0,18	6,84
70,95	-2,16	0	6,48
71,004	-1,44	0	4,86
71,059	-0,18	0	2,16
71,113	0,9	-0,18	-0,72
71,17	1,98	-0,18	-3,78
71,227	2,7	-0,18	-5,94
71,284	2,88	-0,18	-6,84
71,342	2,34	-0,18	-6,48
71,4	1,26	-0,18	-4,68
71,456	0	-0,18	-2,16
71,512	-1,08	-0,18	1,08
71,569	-2,16	0	3,96
71,623	-2,52	0	5,94
71,678	-2,52	0	6,84
71,732	-1,98	0	6,48
71,785	-0,9	0	5,04
71,84	0,18	0	2,7
71,891	1,44	0	0
71,941	2,16	0,18	-2,7
71,994	2,7	0,18	-5,04
72,047	2,88	0,18	-6,48
72,102	2,34	0,18	-6,84
72,156	1,44	0,18	-5,76
72,209	0,36	0,18	-3,78
72,263	-0,9	0,18	-1,08
72,32	-1,8	0	1,98
72,372	-2,34	-0,18	4,68
72,429	-2,52	-0,18	6,3
72,485	-1,98	-0,36	6,84
72,54	-1,08	-0,36	5,94
72,598	0	-0,36	3,96
72,652	1,26	-0,36	1,26
72,705	1,98	-0,18	-1,62
72,762	2,52	-0,18	-4,32
72,817	2,52	0	-6,12
72,871	2,16	0,18	-6,84
72,926	1,26	0,18	-6,3
72,98	0,18	0,36	-4,5
73,034	-0,9	0,36	-1,8
73,091	-1,8	0,36	1,26
73,143	-2,16	0,18	3,78
73,196	-2,16	0,18	5,76
73,249	-1,62	0	6,84
73,302	-0,9	0	6,66
73,357	0,18	0	5,22
73,407	1,08	-0,18	3,06
73,459	1,98	-0,18	0,18
73,514	2,34	-0,18	-2,7
73,569	2,52	-0,18	-5,22
73,624	1,98	-0,18	-6,66
73,682	1,08	0	-6,84
73,737	0	0	-5,76
73,79	-0,9	0	-3,6
73,845	-1,8	0	-0,72
73,9	-2,16	0	2,16
73,952	-2,16	0	4,68
74,006	-1,62	0	6,3
74,06	-0,9	0	6,84
74,115	0,18	0	6,12
74,167	1,08	0	4,32
74,218	1,8	0	1,98
74,269	2,34	0	-0,72
74,322	2,34	0,18	-3,42
74,375	2,16	0,18	-5,58
74,427	1,44	0,36	-6,66
74,481	0,54	0,36	-6,66
74,535	-0,54	0,36	-5,22
74,59	-1,44	0,18	-2,88
74,645	-1,98	0	-0,18
74,701	-1,98	0	2,88
74,754	-1,62	-0,18	5,22
74,811	-1,08	-0,36	6,66
74,868	0	-0,36	6,66
74,921	0,9	-0,36	5,4
74,977	1,62	-0,36	3,24
75,029	1,98	-0,36	0,54
75,083	2,16	-0,18	-2,34
75,14	1,8	0	-4,86
75,195	1,08	0,18	-6,48
75,252	0,18	0,18	-6,84
75,305	-0,72	0,36	-5,76
75,36	-1,26	0,36	-3,78
75,416	-1,62	0,36	-0,72
75,473	-1,62	0,36	2,16
75,525	-1,26	0,18	4,68
75,578	-0,72	0	6,3
75,633	0,18	0	6,84
75,682	0,9	-0,18	6,3
75,736	1,62	-0,18	4,5
75,79	1,98	-0,18	1,8
75,844	1,98	-0,18	-1,08
75,902	1,62	-0,18	-3,96
75,958	0,9	0	-5,94
76,011	0	0	-6,84
76,065	-0,72	0	-6,48
76,121	-1,44	0	-4,86
76,178	-1,62	0	-2,16
76,236	-1,62	0	0,9
76,289	-1,26	0	3,6
76,341	-0,54	-0,18	5,76
76,399	0,36	-0,18	6,66
76,451	1,08	-0,18	6,48
76,505	1,62	-0,18	5,04
76,561	1,98	0	2,88
76,612	1,8	0	0,18
76,665	1,44	0,18	-2,7
76,72	0,72	0,18	-4,86
76,773	0	0,36	-6,3
76,827	-0,72	0,36	-6,66
76,885	-1,26	0,36	-5,58
76,942	-1,44	0,18	-3,42
76,998	-1,44	0	-0,54
77,052	-0,9	0	2,34
77,105	-0,36	-0,18	4,86
77,161	0,36	-0,36	6,3
77,216	1,08	-0,36	6,66
77,269	1,44	-0,36	5,76
77,324	1,62	-0,36	3,78
77,378	1,44	-0,36	1,08
77,432	1,08	-0,18	-1,62
77,487	0,54	0	-4,14
77,54	-0,18	0,18	-5,94
77,593	-0,9	0,18	-6,66
77,648	-1,26	0,36	-6,12
77,702	-1,44	0,36	-4,5
77,758	-1,26	0,36	-1,8
77,813	-0,72	0,18	1,08
77,867	0	0,18	3,6
77,918	0,54	0	5,58
77,97	1,26	0	6,66
78,02	1,44	-0,18	6,48
78,074	1,62	-0,18	5,22
78,127	1,44	-0,18	3,06
78,181	1,08	-0,18	0,18
78,236	0,36	0	-2,34
78,287	-0,18	0	-4,86
78,342	-0,9	0	-6,3
78,4	-1,26	0	-6,66
78,456	-1,44	0	-5,58
78,513	-1,26	0	-3,42
78,567	-0,72	0	-0,72
78,621	0	-0,18	2,16
78,675	0,54	-0,18	4,5
78,725	1,08	-0,18	6,12
78,778	1,44	-0,18	6,66
78,831	1,62	-0,18	5,94
78,886	1,44	0	4,32
78,942	0,9	0	1,8
78,994	0,36	0,18	-0,9
79,048	-0,18	0,36	-3,6
79,104	-0,72	0,36	-5,58
79,16	-1,08	0,36	-6,48
79,213	-1,26	0,36	-6,12
79,268	-0,9	0,18	-4,68
79,326	-0,54	0,18	-2,16
79,382	0,18	0	0,54
79,432	0,72	-0,18	3,24
79,488	1,08	-0,36	5,4
79,542	1,44	-0,36	6,3
79,595	1,44	-0,36	6,3
79,648	1,08	-0,36	5,04
79,701	0,72	-0,36	3,06
79,755	0	-0,18	0,36
79,809	-0,54	0	-2,52
79,866	-0,9	0,18	-4,86
79,924	-1,26	0,18	-6,3
79,982	-1,08	0,36	-6,3
80,036	-0,72	0,36	-5,22
80,093	-0,18	0,36	-3,06
80,149	0,54	0,18	-0,36
80,202	1,08	0,18	2,34
80,253	1,44	0	4,68
80,305	1,44	0	5,94
80,354	1,44	0	6,48
80,405	1,26	-0,18	5,94
80,458	0,72	-0,18	4,32
80,511	0	-0,18	1,8
80,565	-0,54	0	-0,72
80,619	-1,08	0	-3,42
80,674	-1,26	0	-5,4
80,728	-1,26	0	-6,48
80,782	-0,9	0	-6,12
80,837	-0,36	0	-4,86
80,893	0,18	0	-2,7
80,946	0,9	-0,18	0,18
80,999	1,26	-0,18	2,88
81,055	1,44	-0,18	5,04
81,109	1,44	-0,18	6,3
81,163	1,08	-0,18	6,3
81,217	0,54	0	5,22
81,267	0	0	3,42
81,317	-0,54	0,18	0,9
81,372	-0,9	0,18	-1,8
81,427	-1,26	0,36	-4,32
81,484	-1,08	0,36	-5,76
81,539	-0,72	0,36	-6,3
81,596	-0,18	0,18	-5,58
81,653	0,54	0,18	-3,6
81,708	1,08	0	-1,08
81,762	1,44	-0,18	1,62
81,816	1,44	-0,36	4,14
81,87	1,44	-0,36	5,76
81,924	0,9	-0,36	6,3
81,978	0,36	-0,36	5,76
82,033	-0,36	-0,36	3,96
82,091	-0,9	-0,18	1,44
82,149	-1,26	0	-1,44
82,207	-1,44	0	-3,96
82,264	-1,08	0,18	-5,58
82,321	-0,54	0,18	-6,12
82,378	0,18	0,18	-5,58
82,43	0,72	0,18	-3,96
82,484	1,26	0,18	-1,62
82,539	1,62	0,18	1,08
82,59	1,62	0,18	3,42
82,64	1,44	0	5,22
82,691	0,9	0	6,12
82,746	0,36	0	6,12
82,796	-0,36	0	4,86
82,85	-0,9	0	2,88
82,902	-1,26	0	0,36
82,956	-1,44	0	-2,16
83,011	-1,26	0	-4,5
83,067	-0,72	0	-5,94
83,122	-0,18	0	-6,12
83,179	0,54	0	-5,22
83,231	1,26	-0,18	-3,42
83,288	1,62	-0,18	-0,72
83,345	1,62	-0,18	1,98
83,398	1,44	-0,18	4,14
83,453	0,9	-0,18	5,76
83,507	0,18	0	6,12
83,558	-0,36	0	5,58
83,611	-0,9	0	3,96
83,666	-1,26	0,18	1,62
83,72	-1,44	0,18	-1,08
83,777	-1,08	0,36	-3,6
83,832	-0,54	0,36	-5,22
83,886	0	0,36	-5,94
83,936	0,72	0,18	-5,76
83,988	1,26	0,18	-4,5
84,041	1,62	0	-2,52
84,093	1,8	-0,18	0
84,145	1,44	-0,18	2,52
84,198	1,08	-0,36	4,5
84,251	0,36	-0,36	5,76
84,304	-0,36	-0,36	5,94
84,36	-1,08	-0,36	5,04
84,415	-1,44	-0,18	3,06
84,471	-1,62	-0,18	0,54
84,527	-1,26	0	-1,98
84,584	-0,72	0	-4,32
84,64	0	0,18	-5,58
84,693	0,72	0,18	-5,94
84,746	1,44	0,18	-5,22
84,798	1,8	0,18	-3,78
84,849	1,98	0,18	-1,44
84,902	1,8	0,18	1,08
84,953	1,26	0,18	3,42
85,006	0,54	0	5,04
85,056	-0,18	0	5,94
85,11	-0,9	0	5,76
85,164	-1,44	0	4,5
85,218	-1,62	0	2,52
85,272	-1,44	0	0
85,326	-1,08	0	-2,52
85,378	-0,36	0	-4,5
85,433	0,36	0	-5,76
85,484	1,08	0	-5,94
85,54	1,62	-0,18	-5,04
85,596	1,8	-0,18	-3,24
85,654	1,62	-0,18	-0,54
85,71	1,26	-0,18	2,16
85,764	0,54	-0,18	4,14
85,817	-0,18	0	5,58
85,871	-0,9	0	5,94
85,924	-1,44	0	5,22
85,978	-1,62	0,18	3,6
86,033	-1,44	0,18	1,26
86,087	-0,9	0,18	-1,26
86,144	-0,18	0,18	-3,6
86,2	0,54	0,18	-5,22
86,253	1,26	0,18	-5,76
86,307	1,8	0,18	-5,4
86,36	1,98	0	-4,14
86,412	1,8	0	-1,98
86,468	1,26	-0,18	0,72
86,522	0,54	-0,18	3,06
86,575	-0,18	-0,18	4,86
86,632	-1,08	-0,36	5,76
86,689	-1,62	-0,36	5,4
86,746	-1,62	-0,18	3,96
86,802	-1,44	-0,18	1,8
86,862	-0,9	0	-0,72
86,917	-0,18	0	-3,06
86,972	0,72	0,18	-4,68
87,025	1,44	0,18	-5,58
87,08	1,98	0,18	-5,4
87,137	1,98	0,18	-4,32
87,191	1,8	0,18	-2,16
87,247	1,26	0,18	0,18
87,298	0,54	0,18	2,34
87,348	-0,18	0,18	4,5
87,402	-0,9	0	5,58
87,456	-1,44	0	5,76
87,508	-1,62	0	4,86
87,561	-1,44	0	3,24
87,614	-1,08	0	0,9
87,669	-0,36	0	-1,62
87,726	0,54	-0,18	-3,78
87,782	1,26	-0,18	-5,4
87,839	1,62	-0,18	-5,76
87,894	1,8	-0,18	-5,04
87,95	1,62	-0,18	-3,42
88,006	1,08	-0,18	-0,9
88,063	0,36	0	1,44
88,113	-0,36	0	3,6
88,168	-1,08	0	5,04
88,22	-1,44	0	5,76
88,275	-1,62	0	5,22
88,327	-1,44	0,18	3,96
88,379	-0,9	0,18	1,98
88,431	-0,18	0,18	-0,36
88,487	0,54	0,18	-2,52
88,537	1,26	0,18	-4,32
88,591	1,8	0,18	-5,4
88,642	1,98	0,18	-5,58
88,696	1,8	0,18	-4,68
88,747	1,44	0	-2,88
88,803	0,72	0	-0,72
88,856	0	-0,18	1,8
88,909	-0,72	-0,18	3,96
88,966	-1,44	-0,18	5,22
89,023	-1,62	-0,18	5,58
89,08	-1,62	-0,18	4,68
89,137	-1,08	-0,18	2,88
89,193	-0,36	-0,18	0,54
89,25	0,54	0	-1,62
89,304	1,26	0	-3,78
89,359	1,62	0,18	-5,22
89,414	1,98	0,18	-5,58
89,469	1,8	0,18	-4,86
89,524	1,26	0,18	-3,42
89,577	0,72	0,18	-1,26
89,63	0	0,18	1,08
89,68	-0,72	0,18	3,24
89,734	-1,26	0,18	4,86
89,783	-1,44	0	5,58
89,838	-1,44	0	5,4
89,894	-1,08	0	4,14
89,947	-0,54	-0,18	2,16
90,001	0,36	-0,18	-0,36
90,062	1,08	-0,18	-2,7
90,118	1,44	-0,18	-4,5
90,175	1,8	-0,18	-5,58
90,232	1,62	-0,18	-5,4
90,288	1,08	0	-4,14
90,343	0,54	0	-2,34
90,395	-0,18	0	0,18
90,448	-0,9	0	2,34
90,501	-1,26	0	4,32
90,553	-1,44	0	5,4
90,611	-1,26	0	5,4
90,667	-0,9	0	4,5
90,719	-0,18	0,18	2,88
90,773	0,54	0,18	0,72
90,822	1,08	0,18	-1,44
90,876	1,62	0,18	-3,6
90,931	1,8	0,18	-5,04
90,985	1,62	0,18	-5,4
91,041	1,26	0,18	-4,86
91,095	0,54	0	-3,42
91,151	-0,18	0	-1,26
91,207	-0,72	0	1,26
91,261	-1,26	-0,18	3,42
91,317	-1,44	-0,18	4,86
91,373	-1,26	-0,18	5,4
91,43	-0,9	-0,18	4,86
91,488	-0,18	-0,18	3,42
91,543	0,54	-0,18	1,26
91,597	1,08	0	-0,9
91,652	1,44	0	-3,24
91,707	1,62	0,18	-4,68
91,761	1,44	0,18	-5,4
91,814	1,08	0,18	-5,04
91,868	0,54	0,36	-3,96
91,922	0	0,36	-1,98
91,977	-0,72	0,18	0,54
92,029	-1,08	0,18	2,7
92,085	-1,26	0,18	4,32
92,135	-1,08	0	5,4
92,189	-0,72	0	5,4
92,24	-0,18	-0,18	4,32
92,296	0,36	-0,18	2,7
92,349	0,9	-0,18	0,36
92,403	1,26	-0,18	-1,8
92,459	1,44	-0,18	-3,96
92,516	1,26	-0,18	-5,22
92,571	0,9	0	-5,4
92,623	0,54	0	-4,68
92,677	-0,18	0	-3,06
92,736	-0,72	0	-0,72
92,792	-1,08	0	1,62
92,846	-1,08	0	3,78
92,9	-0,9	0	5,04
92,955	-0,54	0	5,4
93,009	-0,18	0	4,86
93,065	0,54	0	3,42
93,118	1,08	0	1,44
93,168	1,26	0,18	-0,9
93,224	1,44	0,18	-3,06
93,277	1,44	0,18	-4,5
93,33	1,08	0,18	-5,22
93,381	0,54	0,18	-5,22
93,434	0	0,18	-4,14
93,487	-0,54	0	-2,16
93,543	-0,9	0	0,18
93,598	-1,08	-0,18	2,52
93,654	-0,9	-0,18	4,32
93,71	-0,72	-0,18	5,22
93,765	-0,18	-0,18	5,22
93,823	0,36	-0,18	4,14
93,875	0,72	-0,18	2,34
93,933	1,08	-0,18	0
93,986	1,26	0	-1,98
94,04	1,26	0,18	-3,96
94,097	0,9	0,18	-5,04
94,151	0,54	0,36	-5,22
94,204	0	0,36	-4,5
94,258	-0,36	0,36	-2,7
94,314	-0,72	0,36	-0,54
94,37	-0,72	0,18	1,8
94,422	-0,72	0,18	3,78
94,475	-0,36	0	5,04
94,529	0	0	5,4
94,584	0,36	-0,18	4,86
94,637	0,72	-0,18	3,24
94,692	1,08	-0,18	1,26
94,746	1,08	-0,18	-1,08
94,805	0,9	-0,18	-3,42
94,862	0,54	0	-4,68
94,916	0,18	0	-5,4
94,969	-0,18	0	-4,86
95,024	-0,54	0	-3,6
95,081	-0,72	0	-1,44
95,138	-0,72	0	0,9
95,191	-0,54	0	3,06
95,244	-0,18	0	4,68
95,3	0,18	0	5,4
95,349	0,54	0	5,22
95,399	0,72	0	4,14
95,45	1,08	0	2,52
95,503	1,08	0,18	0,36
95,555	0,9	0,18	-1,8
95,609	0,72	0,18	-3,6
95,662	0,36	0,18	-4,86
95,715	0	0,18	-5,22
95,764	-0,36	0,18	-4,68
95,82	-0,54	0,18	-3,06
95,879	-0,72	0	-0,9
95,936	-0,54	-0,18	1,62
95,994	-0,36	-0,18	3,6
96,049	0	-0,18	4,86
96,101	0,36	-0,36	5,22
96,154	0,72	-0,36	4,68
96,208	0,72	-0,18	3,42
96,261	0,9	-0,18	1,44
96,314	0,72	0	-0,54
96,366	0,54	0	-2,7
96,419	0,18	0,18	-4,32
96,472	0	0,18	-5,04
96,526	-0,18	0,36	-5,04
96,584	-0,36	0,36	-3,96
96,638	-0,54	0,36	-2,16
96,691	-0,36	0,18	0,18
96,742	-0,18	0,18	2,16
96,795	0,18	0	3,96
96,846	0,54	0	5,04
96,895	0,72	-0,18	5,22
96,947	0,72	-0,18	4,68
97,002	0,72	-0,18	3,24
97,053	0,72	-0,18	1,26
97,106	0,54	-0,18	-0,9
97,161	0,18	-0,18	-3,06
97,217	-0,18	0	-4,68
97,271	-0,36	0	-5,22
97,327	-0,54	0	-4,86
97,384	-0,54	0	-3,42
97,44	-0,36	0	-1,44
97,496	0	0	0,72
97,545	0,18	0	2,7
97,596	0,54	0	4,32
97,645	0,72	0	5,04
97,696	0,72	0	5,22
97,747	0,72	0	4,5
97,797	0,72	0	3,06
97,847	0,54	0,18	1,08
97,9	0,36	0,18	-1,08
97,955	0	0,18	-3,06
98,007	-0,18	0,18	-4,5
98,064	-0,36	0,18	-5,22
98,121	-0,36	0,18	-4,68
98,177	-0,36	0	-3,24
98,233	-0,18	0	-1,26
98,287	0,18	-0,18	1,08
98,341	0,36	-0,18	3,06
98,396	0,54	-0,18	4,5
98,449	0,72	-0,36	5,04
98,503	0,72	-0,36	4,86
98,558	0,54	-0,18	3,6
98,611	0,36	-0,18	1,8
98,667	0	0	-0,36
98,721	-0,18	0,18	-2,52
98,777	-0,36	0,18	-4,14
98,835	-0,36	0,36	-5,04
98,891	-0,36	0,36	-4,86
98,947	-0,18	0,36	-3,6
99,002	0,18	0,18	-1,98
99,054	0,36	0,18	0,18
99,103	0,54	0,18	2,16
99,155	0,72	0	3,78
99,206	0,72	0	4,86
99,256	0,72	-0,18	5,04
99,309	0,54	-0,18	4,5
99,362	0,18	-0,18	3,06
99,413	0	-0,18	1,08
99,467	-0,18	-0,18	-1,08
99,526	-0,54	0	-3,24
99,583	-0,54	0	-4,5
99,639	-0,36	0	-5,04
99,697	-0,18	0	-4,5
99,752	0,18	0	-3,24
99,805	0,36	0	-1,26
99,859	0,72	0	0,9
99,912	0,72	0	2,7
99,962	0,9	0	4,32
100,014	0,72	0	5,04
100,067	0,54	0	5,04
100,117	0,36	0	4,14
100,168	0	0,18	2,52
100,221	-0,18	0,18	0,54
100,273	-0,36	0,18	-1,62
100,33	-0,54	0,18	-3,42
100,385	-0,36	0,18	-4,68
100,444	-0,18	0,18	-5,04
100,501	0,18	0,18	-4,32
100,553	0,36	0	-2,7
100,607	0,72	-0,18	-0,72
100,664	0,72	-0,18	1,62
100,719	0,72	-0,18	3,42
100,771	0,72	-0,36	4,5
100,823	0,54	-0,36	5,04
100,876	0,18	-0,18	4,5
100,93	-0,18	-0,18	3,06
100,987	-0,36	0	1,26
101,04	-0,54	0	-0,9
101,097	-0,54	0,18	-2,88
101,15	-0,36	0,18	-4,32
101,205	-0,18	0,18	-4,86
101,262	0,18	0,36	-4,68
101,315	0,54	0,36	-3,42
101,371	0,9	0,18	-1,62
101,424	0,9	0,18	0,54
101,475	0,9	0	2,34
101,525	0,72	0	3,78
101,575	0,54	0	4,68
101,626	0,18	-0,18	4,86
101,681	-0,18	-0,18	3,96
101,738	-0,54	-0,18	2,34
101,794	-0,72	-0,18	0,36
101,85	-0,72	-0,18	-1,8
101,909	-0,54	0	-3,6
101,965	-0,18	0	-4,68
102,023	0,18	0	-4,86
102,076	0,54	0	-4,14
102,127	0,72	0	-2,7
102,181	0,9	0	-0,9
102,232	0,9	0	1,26
102,285	0,9	0	3,06
102,335	0,54	0	4,32
102,386	0,18	0	4,86
102,435	-0,18	0	4,68
102,488	-0,36	0	3,6
102,542	-0,54	0,18	1,98
102,595	-0,72	0,18	0
102,648	-0,54	0,18	-2,16
102,706	-0,18	0,18	-3,78
102,762	0,18	0,18	-4,68
102,816	0,54	0,18	-4,68
102,869	0,72	0	-3,96
102,924	0,9	0	-2,34
102,978	1,08	-0,18	-0,36
103,035	0,9	-0,18	1,8
103,088	0,54	-0,18	3,42
103,141	0,18	-0,18	4,5
103,194	-0,18	-0,18	4,86
103,251	-0,54	-0,18	4,14
103,307	-0,72	-0,18	2,52
103,363	-0,72	0	0,72
103,417	-0,54	0	-1,26
103,472	-0,18	0,18	-3,06
103,528	0,18	0,18	-4,32
103,581	0,54	0,18	-4,68
103,635	0,9	0,18	-4,32
103,687	1,08	0,18	-3,06
103,74	1,08	0,18	-1,26
103,793	1,08	0,18	0,72
103,843	0,72	0	2,34
103,893	0,36	0	3,78
103,944	0	0	4,68
103,995	-0,36	0	4,68
104,051	-0,72	-0,18	3,78
104,107	-0,9	-0,18	1,98
104,164	-0,72	-0,18	0
104,22	-0,36	-0,18	-2,16
104,28	0	0	-3,6
104,331	0,36	0	-4,5
104,385	0,72	0	-4,68
104,437	1,08	0	-3,96
104,49	1,08	0	-2,52
104,545	1,08	0	-0,54
104,601	0,72	0	1,44
104,652	0,36	0	3,06
104,703	0	0	4,14
104,755	-0,36	0	4,68
104,808	-0,72	0	4,32
104,864	-0,72	0,18	3,06
104,917	-0,72	0,18	1,44
104,971	-0,54	0,18	-0,54
105,028	0	0,18	-2,52
105,079	0,36	0,18	-3,78
105,131	0,72	0,18	-4,5
105,186	1,08	0	-4,5
105,238	1,08	0	-3,6
105,291	1,08	0	-2,16
105,343	0,9	-0,18	-0,18
105,399	0,54	-0,18	1,8
105,452	0	-0,18	3,42
105,507	-0,36	-0,18	4,32
105,563	-0,72	-0,18	4,5
105,618	-0,9	-0,18	3,6
105,677	-0,9	0	2,16
105,732	-0,54	0	0,36
105,786	-0,18	0	-1,62
105,842	0,36	0,18	-3,24
105,895	0,72	0,18	-4,32
105,948	1,08	0,18	-4,5
106,004	1,26	0,18	-3,96
106,057	1,26	0,18	-2,52
106,112	0,9	0,18	-0,9
106,165	0,54	0,18	1,08
106,216	0	0	2,7
106,267	-0,36	0	3,96
106,319	-0,72	0	4,5
106,372	-0,9	0	4,32
106,425	-0,9	-0,18	3,24
106,48	-0,72	-0,18	1,44
106,536	-0,36	-0,18	-0,54
106,595	0,18	-0,18	-2,34
106,65	0,54	0	-3,78
106,703	0,9	0	-4,5
106,759	1,08	0	-4,32
106,812	1,08	0	-3,42
106,868	0,9	0	-1,8
106,923	0,54	0	0
106,972	0,18	0	1,62
107,023	-0,18	0	3,24
107,077	-0,54	0	4,32
107,129	-0,72	0	4,5
107,182	-0,72	0	3,96
107,234	-0,72	0	2,52
107,289	-0,36	0	0,9
107,344	0	0	-0,9
107,398	0,54	0	-2,7
107,45	0,9	0	-3,96
107,503	1,08	0	-4,5
107,552	1,08	0	-4,32
107,605	1,08	0	-3,24
107,657	0,72	0	-1,8
107,709	0,36	-0,18	0
107,762	0	-0,18	1,8
107,813	-0,36	-0,18	3,42
107,869	-0,72	-0,18	4,32
107,925	-0,9	-0,18	4,32
107,982	-0,72	-0,18	3,42
108,04	-0,54	0	1,98
108,093	0	0	0,36
108,143	0,36	0	-1,44
108,197	0,72	0,18	-3,06
108,251	1,08	0,18	-3,96
108,301	1,08	0,18	-4,32
108,354	1,08	0,18	-3,96
108,405	0,9	0,18	-2,88
108,457	0,54	0,18	-1,26
108,51	0,18	0,18	0,54
108,56	-0,18	0	2,16
108,613	-0,54	0	3,6
108,667	-0,72	0	4,32
108,721	-0,72	-0,18	4,14
108,779	-0,54	-0,18	3,24
108,836	-0,18	-0,18	1,62
108,893	0,18	-0,18	-0,18
108,949	0,54	-0,18	-2,16
109,005	0,72	-0,18	-3,6
109,061	0,9	0	-4,32
109,114	0,9	0	-4,32
109,167	0,72	0	-3,42
109,22	0,54	0	-2,16
109,272	0,18	0	-0,36
109,325	-0,18	0	1,62
109,38	-0,54	0	3,06
109,433	-0,72	0	4,14
109,487	-0,72	0	4,32
109,541	-0,54	0	3,78
109,595	-0,18	0	2,52
109,649	0,18	0	1,08
109,699	0,54	0	-0,72
109,752	0,72	0	-2,52
109,807	0,9	0	-3,78
109,86	0,9	0	-4,32
109,915	0,9	0	-4,14
109,968	0,54	0	-3,24
110,022	0,18	0	-1,62
110,073	-0,18	0	0,18
110,126	-0,36	-0,18	1,98
110,183	-0,54	-0,18	3,42
110,239	-0,72	-0,18	4,14
110,296	-0,54	-0,18	4,14
110,35	-0,18	-0,18	3,24
110,406	0	0	1,98
110,456	0,36	0	0,36
110,506	0,72	0	-1,44
110,561	0,9	0,18	-3,06
110,615	0,9	0,18	-3,96
110,668	0,9	0,18	-4,32
110,721	0,72	0,18	-3,78
110,776	0,36	0,18	-2,52
110,83	0	0,18	-0,9
110,882	-0,18	0,18	0,9
110,935	-0,36	0	2,52
110,988	-0,54	0	3,78
111,041	-0,54	0	4,32
111,094	-0,36	-0,18	3,96
111,151	0	-0,18	3,06
111,203	0,18	-0,18	1,62
111,257	0,54	-0,18	-0,36
111,315	0,72	-0,18	-2,16
111,373	0,72	0	-3,6
111,427	0,72	0	-4,14
111,482	0,54	0	-4,14
111,536	0,36	0	-3,24
111,591	0	0	-1,8
111,644	-0,18	0	0
