MIN=0	-90	-90	-90
MAX=113,137084989848	90	90	90
SCALE=113,137084989848	45	45	45
DEC=2	1	1	1
DEF="Tiempo" t / s	"Angulo" &a_A1 / °	"Angulo" &a_B1 / °	"Angulo" &a_A1 / °
0	1,44	2,34	1,08
0,049	1,44	2,16	1,62
0,1	1,44	1,98	1,98
0,15	1,44	1,98	2,16
0,201	1,44	1,8	2,16
0,253	1,44	1,8	1,8
0,304	1,44	1,62	1,44
0,355	1,44	1,62	0,72
0,404	1,62	1,8	0,18
0,456	1,62	1,8	-0,54
0,509	1,62	1,98	-0,9
0,563	1,62	1,98	-1,08
0,619	1,62	2,16	-1,08
0,671	1,62	2,34	-0,72
0,724	1,62	2,52	-0,18
0,777	1,62	2,52	0,54
0,83	1,62	2,7	1,26
0,882	1,62	2,7	1,8
0,936	1,62	2,7	2,16
0,986	1,62	2,7	2,34
1,037	1,62	2,7	2,16
1,09	1,62	2,52	1,8
1,141	1,62	2,52	1,26
1,193	1,62	2,34	0,54
1,244	1,62	2,16	0
1,293	1,62	1,98	-0,54
1,348	1,62	1,98	-1,08
1,4	1,62	1,8	-1,08
1,454	1,62	1,8	-1,08
1,505	1,44	1,8	-0,72
1,56	1,44	1,8	-0,18
1,61	1,44	1,8	0,54
1,663	1,44	1,8	1,26
1,714	1,44	1,8	1,8
1,767	1,44	1,98	2,16
1,819	1,44	2,16	2,34
1,87	1,62	2,34	2,16
1,921	1,62	2,34	1,8
1,975	1,62	2,52	1,26
2,025	1,62	2,7	0,54
2,08	1,62	2,7	-0,18
2,132	1,62	2,7	-0,72
2,187	1,62	2,7	-1,08
2,244	1,62	2,7	-1,08
2,297	1,62	2,52	-0,9
2,354	1,62	2,52	-0,36
2,411	1,62	2,34	0,36
2,463	1,44	2,16	1,08
2,514	1,44	1,98	1,62
2,567	1,44	1,98	1,98
2,62	1,44	1,8	2,16
2,671	1,44	1,8	2,16
2,724	1,44	1,8	1,8
2,775	1,62	1,8	1,26
2,826	1,62	1,8	0,72
2,879	1,62	1,8	0,18
2,927	1,62	1,98	-0,54
2,982	1,62	2,16	-0,9
3,035	1,98	2,16	-1,08
3,09	2,16	2,34	-0,9
3,144	2,52	2,52	-0,54
3,198	3,06	2,52	0
3,249	4,14	2,7	0,54
3,301	5,58	2,7	1,26
3,353	7,2	2,7	1,8
3,404	9	2,7	2,16
3,454	10,44	2,7	2,34
3,506	11,7	2,7	2,16
3,557	12,42	2,52	1,8
3,61	12,6	2,52	1,26
3,661	12,24	2,34	0,54
3,711	11,7	2,34	0
3,761	11,16	2,34	-0,54
3,814	10,8	2,16	-0,9
3,866	10,62	2,16	-1,08
3,923	10,62	2,16	-0,9
3,981	10,8	2,16	-0,54
4,035	11,34	2,16	0
4,086	11,7	2,16	0,72
4,137	12,24	2,16	1,98
4,189	12,6	2,34	3,42
4,241	12,78	2,34	5,04
4,294	12,96	2,52	6,66
4,345	13,14	2,52	8,46
4,399	13,14	2,7	9,9
4,449	13,32	2,7	11,34
4,501	13,32	2,88	12,42
4,554	13,14	2,88	13,5
4,603	13,14	2,88	14,58
4,656	13,14	2,88	16,02
4,708	13,14	2,88	17,46
4,759	13,14	2,88	18,72
4,81	13,14	2,88	19,98
4,864	13,14	2,88	21,42
4,914	13,32	3,06	22,68
4,965	13,5	3,42	23,58
5,019	13,68	4,32	24,48
5,073	13,68	5,4	25,02
5,126	13,86	6,66	25,56
5,178	14,04	7,92	25,74
5,231	14,22	9,18	25,92
5,282	14,4	10,26	26,46
5,334	14,58	11,16	26,82
5,386	14,76	12,06	27
5,439	14,76	12,96	27,36
5,49	14,76	13,5	28,08
5,545	14,58	14,04	28,62
5,596	14,58	14,58	28,98
5,65	14,58	15,12	29,16
5,7	14,58	15,48	29,34
5,751	14,58	15,84	29,52
5,803	14,76	16,38	29,7
5,858	14,76	16,74	29,88
5,909	14,76	17,28	30,24
5,961	14,76	17,64	30,42
6,012	14,76	18	30,6
6,064	14,76	18,18	30,6
6,115	14,76	18,36	30,6
6,168	14,94	18,72	30,78
6,218	15,12	18,9	30,78
6,271	15,3	19,26	30,78
6,322	15,3	19,62	30,96
6,374	15,48	19,98	31,14
6,425	15,48	19,98	31,32
6,478	15,48	20,16	31,32
6,529	15,3	20,34	31,32
6,583	15,3	20,52	31,32
6,632	15,3	20,7	31,32
6,686	15,12	21,06	31,32
6,739	14,94	21,24	31,5
6,791	14,76	21,24	31,5
6,843	14,58	21,42	31,5
6,895	14,58	21,42	31,32
6,946	14,58	21,42	31,32
6,999	14,76	21,42	31,32
7,052	15,12	21,42	31,32
7,106	15,12	21,42	31,5
7,163	15,3	21,42	31,5
7,218	15,3	21,42	31,68
7,271	15,12	21,42	31,5
7,325	15,12	21,6	31,32
7,377	14,76	21,6	30,96
7,429	12,96	21,6	30,06
7,481	9,72	21,42	27
7,531	5,4	19,98	20,52
7,583	0,72	17,46	11,7
7,633	-3,42	13,86	0,36
7,687	-7,02	8,82	-10,98
7,745	-8,64	3,42	-19,98
7,8	-8,46	-2,34	-26,1
7,86	-6,3	-7,92	-27
7,917	-2,88	-11,52	-23,22
7,972	1,26	-11,52	-15,48
8,028	5,04	-11,52	-5,76
8,079	7,74	-11,52	5,04
8,131	9,18	-11,52	14,22
8,184	9,18	-11,52	21,78
8,239	7,74	-10,08	25,74
8,294	4,86	-5,04	25,38
8,348	1,44	0,72	21,06
8,4	-1,98	6,3	13,5
8,454	-4,86	11,7	3,42
8,508	-6,48	16,38	-6,66
8,566	-6,48	19,98	-15,66
8,621	-4,5	21,96	-21,24
8,679	-1,08	21,42	-20,34
8,735	3,06	19,44	-16,02
8,79	7,2	16,2	-8,46
8,845	10,62	11,7	0,36
8,896	12,24	6,84	8,82
8,947	12,42	1,8	16,02
8,999	10,8	-3,6	21,24
9,056	7,2	-8,82	23,04
9,112	2,52	-11,52	20,7
9,166	-2,34	-11,52	14,76
9,22	-6,84	-11,52	5,76
9,276	-10,08	-11,52	-3,78
9,333	-11,52	-11,52	-12,96
9,389	-10,98	-11,52	-20,16
9,446	-8,1	-7,92	-23,76
9,504	-3,6	-2,52	-22,86
9,563	1,8	2,88	-18,36
9,615	6,48	7,74	-10,98
9,667	10,62	12,42	-1,08
9,722	13,32	16,2	8,64
9,773	14,22	18,9	17,28
9,826	13,14	20,34	23,22
9,878	10,44	20,52	25,92
9,928	6,66	19,26	25,2
9,983	1,98	16,92	20,7
10,032	-1,98	13,32	12,96
10,087	-5,76	8,82	3,78
10,138	-7,92	3,96	-6,12
10,193	-8,46	-1,26	-15,12
10,249	-7,2	-6,66	-21,96
10,307	-4,32	-11,16	-24,66
10,363	-0,72	-11,52	-23,04
10,42	3,24	-11,52	-17,82
10,474	6,3	-11,52	-9,54
10,529	8,46	-11,52	0,54
10,583	9	-11,52	9,72
10,636	7,92	-10,62	17,46
10,691	5,58	-5,94	22,14
10,746	2,52	-0,54	23,4
10,798	-0,72	5,04	20,88
10,85	-3,6	10,08	15,12
10,905	-5,58	14,76	6,84
10,962	-6,12	18,36	-2,34
11,018	-4,86	20,7	-11,34
11,075	-2,16	21,24	-17,82
11,132	1,8	20,16	-20,88
11,185	5,58	17,64	-20,52
11,239	9	14,22	-16,74
11,29	11,16	9,36	-10,08
11,344	11,88	4,5	-2,16
11,394	11,16	-0,9	7,02
11,449	8,46	-5,94	14,4
11,501	4,68	-10,44	19,8
11,556	-0,18	-11,52	21,78
11,614	-4,68	-11,52	19,8
11,67	-8,46	-11,52	14,04
11,725	-10,8	-11,52	5,94
11,78	-10,98	-11,52	-3,24
11,838	-9	-10,08	-12,42
11,896	-5,22	-5,22	-19,26
11,954	-0,54	0,18	-22,32
12,007	4,32	5,22	-21,96
12,06	8,64	10,08	-17,82
12,114	11,7	14,4	-10,8
12,168	13,32	17,64	-1,44
12,224	12,96	19,8	8,64
12,278	10,8	20,34	16,74
12,33	7,38	19,62	22,5
12,383	3,06	17,64	25,02
12,436	-0,9	14,22	23,58
12,493	-4,86	9,54	18,18
12,548	-7,2	4,5	10,08
12,602	-7,92	-0,54	0,18
12,659	-6,66	-5,76	-9,9
12,716	-4,32	-10,44	-18,18
12,774	-0,72	-11,52	-23,58
12,834	2,88	-11,52	-24,48
12,889	5,94	-11,52	-21,06
12,945	7,74	-11,52	-14,4
12,997	8,28	-11,52	-5,58
13,052	7,38	-10,62	4,5
13,107	5,22	-5,76	13,32
13,161	2,16	-0,9	20,16
13,215	-0,9	4,86	23,58
13,269	-3,6	9,9	23,4
13,323	-5,22	14,22	19,44
13,377	-5,58	17,64	12,96
13,428	-4,5	19,8	4,32
13,482	-2,16	20,88	-4,5
13,536	1,26	20,34	-12,42
13,588	4,86	18,36	-18,36
13,642	8,1	15,12	-21,24
13,696	10,62	10,62	-20,52
13,753	11,34	5,4	-16,02
13,808	10,62	-0,18	-8,28
13,865	7,92	-5,58	0,54
13,918	4,14	-10,08	9
13,971	0	-11,52	15,66
14,022	-4,14	-11,52	20,16
14,078	-7,92	-11,52	21,06
14,133	-10,08	-11,52	18,18
14,188	-10,44	-11,52	12,24
14,242	-9	-11,52	4,14
14,298	-5,76	-7,02	-4,68
14,356	-1,26	-1,44	-13,32
14,414	3,78	4,14	-19,08
14,469	8,1	9,18	-21,42
14,525	11,34	13,68	-19,98
14,578	12,78	17,28	-15,12
14,632	12,6	19,44	-7,92
14,684	10,8	20,52	0,9
14,736	7,74	19,98	9,36
14,787	3,78	18,18	16,92
14,841	-0,18	15,12	22,14
14,896	-3,78	10,98	23,76
14,95	-6,3	5,94	21,42
15,006	-7,38	0,72	15,84
15,06	-6,66	-4,5	6,84
15,118	-4,5	-9,36	-3,06
15,178	-1,08	-11,52	-12,78
15,236	2,34	-11,52	-19,8
15,291	5,4	-11,52	-23,58
15,347	7,38	-11,52	-23,4
15,403	7,92	-11,52	-19,26
15,456	7,38	-11,16	-12,24
15,511	5,4	-6,84	-2,52
15,567	2,34	-1,62	7,74
15,625	-0,9	4,14	16,38
15,68	-3,6	9,18	21,96
15,735	-5,22	13,68	24,12
15,788	-5,4	16,92	22,68
15,842	-4,32	19,44	17,64
15,897	-1,8	20,34	10,08
15,95	1,44	19,98	1,44
16,002	5,04	18,18	-7,56
16,057	8,28	14,94	-14,94
16,11	10,44	10,98	-19,98
16,162	11,34	6,3	-21,78
16,213	10,62	1,26	-20,16
16,266	8,46	-3,6	-14,94
16,322	4,86	-8,46	-7,2
16,378	0,36	-11,52	1,62
16,43	-3,78	-11,52	10,26
16,486	-7,56	-11,52	16,74
16,542	-9,9	-11,52	20,34
16,598	-10,26	-11,52	20,34
16,652	-9	-11,52	16,74
16,708	-5,94	-7,56	9,72
16,766	-1,44	-2,34	1,08
16,822	3,24	2,7	-6,84
16,877	7,56	7,92	-14,22
16,931	10,8	12,6	-18,9
16,986	12,42	16,74	-20,16
17,044	12,42	19,26	-17,64
17,1	10,44	20,34	-12,06
17,156	7,02	19,98	-3,96
17,209	3,42	18,18	4,32
17,258	-0,36	15,3	12,24
17,31	-3,78	11,34	18,18
17,361	-5,94	6,66	21,78
17,417	-7,02	1,44	21,96
17,472	-6,48	-3,78	18,18
17,529	-4,32	-8,82	11,34
17,586	-1,26	-11,52	2,16
17,64	1,98	-11,52	-6,66
17,696	4,86	-11,52	-14,94
17,751	7,02	-11,52	-20,7
17,806	7,74	-11,52	-23,22
17,865	7,2	-11,52	-21,42
17,923	5,22	-7,02	-15,48
17,981	2,34	-1,8	-7,02
18,037	-0,9	3,6	2,7
18,091	-3,6	8,46	11,7
18,144	-5,22	12,96	19,08
18,199	-5,4	16,38	23,22
18,25	-4,32	18,72	24,12
18,305	-1,98	19,8	21,42
18,358	1,26	19,62	15,48
18,411	4,86	18	7,38
18,464	8,1	15,12	-1,62
18,519	10,44	11,52	-10,26
18,573	11,34	6,66	-17,28
18,626	10,62	1,98	-21,24
18,679	8,46	-2,88	-21,78
18,731	5,04	-7,56	-18,9
18,786	0,72	-11,52	-12,96
18,84	-3,42	-11,52	-4,32
18,899	-7,38	-11,52	5,22
18,954	-9,72	-11,52	13,14
19,009	-10,26	-11,52	18,54
19,066	-8,82	-11,52	20,52
19,124	-5,76	-7,92	19,08
19,179	-1,62	-3,06	13,86
19,236	3,24	2,16	6,84
19,287	7,2	6,84	-0,54
19,34	10,44	11,52	-8,46
19,392	12,24	15,3	-14,58
19,446	12,6	18,18	-18,36
19,499	10,98	19,8	-19,08
19,552	8,28	20,16	-16,56
19,605	4,5	19,08	-11,34
19,656	0,72	16,74	-4,5
19,708	-2,88	13,14	3,78
19,759	-5,4	8,82	10,98
19,809	-6,84	3,96	16,92
19,863	-6,84	-1,08	20,52
19,918	-5,4	-6,12	20,52
19,974	-2,7	-10,62	16,92
20,03	0,54	-11,52	10,44
20,083	3,6	-11,52	2,52
20,137	6,12	-11,52	-6,12
20,193	7,74	-11,52	-14,04
20,246	7,74	-11,52	-19,62
20,301	6,48	-10,26	-21,96
20,355	4,32	-5,94	-20,7
20,411	1,26	-0,72	-15,84
20,468	-1,8	4,86	-7,92
20,525	-4,32	9,9	1,62
20,58	-5,58	14,04	10,44
20,635	-5,22	17,1	18
20,689	-3,6	19,08	22,68
20,746	-0,54	19,62	23,58
20,798	2,88	18,9	21,24
20,849	6,3	16,92	15,84
20,901	9,18	13,68	7,92
20,953	10,98	9,72	-0,54
21,009	11,34	5,04	-9,36
21,063	9,9	0	-16,56
21,116	7,2	-4,5	-20,88
21,172	3,06	-9,18	-21,78
21,229	-1,44	-11,52	-18,54
21,288	-5,76	-11,52	-11,7
21,346	-8,82	-11,52	-3,06
21,404	-10,26	-11,52	6,12
21,46	-9,72	-11,52	14,04
21,519	-7,2	-9,54	19,08
21,576	-3,24	-5,04	20,52
21,632	1,44	-0,18	18,54
21,685	5,76	5,04	13,68
21,739	9,72	9,9	6,66
21,792	12,06	13,86	-1,08
21,847	12,78	17,1	-8,82
21,903	11,52	19,26	-14,94
21,958	8,82	19,98	-18,18
22,015	4,86	19,08	-18,18
22,068	0,72	16,92	-14,94
22,122	-2,88	13,32	-8,82
22,178	-5,58	8,82	-1,26
22,234	-7,02	3,6	7,02
22,288	-6,66	-1,44	13,86
22,344	-5,04	-6,48	18,36
22,4	-2,16	-10,98	19,44
22,458	1,26	-11,52	17,28
22,511	4,32	-11,52	12,06
22,564	6,48	-11,52	5,22
22,616	7,74	-11,52	-3,06
22,673	7,74	-11,52	-11,16
22,73	6,3	-9,36	-17,28
22,785	3,6	-4,68	-20,34
22,841	0,54	0,36	-19,98
22,892	-2,16	5,4	-16,2
22,947	-4,5	10,26	-9,54
23,004	-5,76	14,4	-1,26
23,058	-5,4	17,28	7,38
23,109	-3,6	19,08	14,94
23,164	-0,54	19,44	20,34
23,218	3,06	18,54	22,5
23,27	6,48	16,56	21,6
23,321	9,36	13,32	17,64
23,372	10,98	9,54	11,16
23,424	11,34	4,86	2,88
23,475	10,26	0,36	-5,22
23,53	7,38	-4,32	-13,5
23,586	3,6	-8,64	-19,08
23,64	-0,9	-11,52	-21,6
23,698	-5,22	-11,52	-20,34
23,753	-8,46	-11,52	-15,3
23,809	-10,08	-11,52	-7,92
23,865	-10,08	-11,52	0,72
23,921	-7,92	-10,26	9
23,975	-4,68	-6,3	15,84
24,034	0	-1,62	19,62
24,087	4,68	3,42	20,34
24,14	8,64	7,92	18,18
24,192	11,34	12,24	13,14
24,245	12,6	15,66	6,12
24,297	12,24	18,18	-1,26
24,349	10,26	19,44	-8,64
24,403	7,02	19,44	-14,22
24,455	3,24	18,18	-17,64
24,508	-0,72	15,48	-18
24,562	-4,14	11,52	-15,12
24,618	-6,48	6,66	-9,36
24,676	-7,02	1,44	-1,8
24,732	-6,12	-3,78	6,48
24,789	-3,6	-8,64	13,14
24,846	-0,36	-11,52	17,46
24,903	3,06	-11,52	18,54
24,958	5,76	-11,52	16,38
25,011	7,56	-11,52	10,8
25,07	7,92	-11,52	3,6
25,123	7,02	-10,98	-4,14
25,18	4,86	-6,66	-11,52
25,236	1,98	-1,62	-16,74
25,291	-1,26	3,96	-18,9
25,349	-3,96	9	-17,82
25,405	-5,58	13,32	-13,5
25,459	-5,58	16,56	-6,48
25,515	-4,14	18,72	1,62
25,569	-1,44	19,44	9,72
25,623	2,16	18,72	15,84
25,673	5,58	17,1	19,98
25,724	8,64	14,22	21,42
25,775	10,62	10,26	19,62
25,829	11,34	5,94	15,3
25,879	10,62	1,62	8,64
25,929	8,46	-2,88	0,72
25,981	5,22	-7,2	-7,56
26,037	0,72	-10,8	-14,58
26,091	-3,42	-11,52	-19,8
26,149	-7,38	-11,52	-21,06
26,209	-9,72	-11,52	-18,54
26,266	-10,08	-11,52	-12,6
26,323	-8,46	-10,98	-4,5
26,38	-5,22	-7,02	3,96
26,435	-1,08	-2,52	12,06
26,49	3,6	1,98	17,46
26,54	7,38	6,66	20,34
26,593	10,62	10,8	20,52
26,643	12,24	14,4	17,82
26,694	12,42	17,1	12,42
26,747	10,98	18,72	5,04
26,801	8,1	19,26	-2,88
26,856	4,14	18,36	-9,9
26,909	0,36	16,2	-15,3
26,96	-3,06	12,78	-18,18
27,015	-5,76	8,46	-18
27,069	-6,84	3,6	-14,4
27,127	-6,48	-1,62	-7,74
27,186	-4,5	-6,66	0
27,24	-1,62	-10,98	7,56
27,298	1,98	-11,52	13,68
27,354	4,86	-11,52	17,28
27,409	7,02	-11,52	17,82
27,461	7,92	-11,52	15,3
27,514	7,56	-11,52	10,44
27,568	5,94	-9	3,42
27,623	3,42	-4,5	-3,96
27,68	0,18	0,9	-10,8
27,734	-2,7	6,12	-15,84
27,79	-4,68	10,8	-17,82
27,846	-5,58	14,76	-16,74
27,9	-4,86	17,64	-12,24
27,959	-2,52	19,26	-5,4
28,015	0,54	19,26	2,16
28,065	3,96	18	9,18
28,118	7,2	15,48	15,12
28,17	9,9	12,06	19,26
28,223	11,16	7,74	20,16
28,275	10,98	3,06	18
28,329	9,18	-1,62	12,96
28,383	5,94	-6,12	5,58
28,438	1,8	-10,08	-2,52
28,494	-2,52	-11,52	-10,62
28,552	-6,48	-11,52	-17,1
28,611	-9,18	-11,52	-20,34
28,67	-9,9	-11,52	-19,62
28,728	-8,64	-11,34	-15,48
28,786	-5,58	-7,56	-8,46
28,841	-1,62	-3,06	0
28,897	2,88	1,44	7,56
28,947	6,84	5,76	14,22
29	9,9	10,08	18,9
29,051	11,88	13,68	20,88
29,103	12,24	16,38	19,98
29,155	10,98	18,18	16,2
29,207	8,46	18,9	10,08
29,259	5,04	18,18	2,16
29,313	1,08	16,38	-5,4
29,367	-2,52	13,14	-12,42
29,423	-5,22	9	-17,1
29,479	-6,66	3,96	-18,72
29,535	-6,3	-0,9	-16,74
29,594	-4,5	-5,94	-11,34
29,653	-1,62	-10,44	-4,14
29,711	1,8	-11,52	3,78
29,766	4,68	-11,52	10,44
29,819	6,66	-11,52	15,3
29,871	7,56	-11,52	17,64
29,926	7,38	-11,52	16,92
29,98	5,76	-9,18	13,14
30,036	3,24	-4,86	7,74
30,086	0,54	-0,18	0,9
30,139	-2,16	5,04	-5,94
30,194	-4,32	9,9	-12,24
30,251	-5,22	14,04	-16,02
30,305	-4,86	17,1	-16,92
30,361	-3,06	18,9	-14,58
30,419	0,18	19,26	-9,72
30,473	3,6	18,18	-2,88
30,527	7,02	15,66	4,5
30,579	9,54	12,42	11,16
30,633	10,8	8,28	16,02
30,683	10,8	3,78	18,72
30,736	9,18	-0,9	18,54
30,788	6,3	-5,22	15,3
30,842	2,52	-9,36	9,54
30,896	-1,62	-11,52	1,98
30,953	-5,4	-11,52	-5,76
31,008	-8,28	-11,52	-12,96
31,065	-9,54	-11,52	-18,18
31,126	-8,82	-11,52	-19,8
31,183	-6,48	-8,64	-17,82
31,24	-2,52	-4,14	-12,42
31,3	2,16	0,54	-5,22
31,354	6,12	5,04	2,88
31,406	9,36	9,36	10,44
31,459	11,34	13,14	16,56
31,512	11,88	16,02	20,16
31,562	10,98	17,82	20,88
31,615	8,64	18,54	18,54
31,667	5,4	18,18	13,86
31,718	1,8	16,56	7,2
31,77	-1,62	13,68	-0,72
31,826	-4,5	9,72	-8,64
31,881	-6,12	5,22	-14,94
31,936	-6,3	0,36	-18,36
31,993	-4,86	-4,5	-18,54
32,052	-2,16	-9,18	-15,12
32,111	1,08	-11,52	-9,18
32,167	3,96	-11,52	-1,62
32,223	6,3	-11,52	6,3
32,278	7,2	-11,52	12,42
32,331	7,2	-11,52	16,38
32,384	5,76	-9,9	17,82
32,437	3,6	-5,94	16,2
32,492	0,9	-1,08	11,88
32,546	-1,62	4,14	5,76
32,6	-3,78	9	-1,62
32,66	-5,04	13,5	-8,64
32,715	-4,5	16,56	-13,68
32,771	-2,88	18,54	-16,2
32,826	0	19,08	-15,84
32,88	3,24	18,36	-12,6
32,934	6,48	16,2	-7,38
32,988	9	12,96	-0,72
33,041	10,44	8,82	6,48
33,093	10,44	4,32	12,24
33,144	9,18	0	16,02
33,195	6,48	-4,5	17,82
33,248	2,88	-8,64	16,74
33,301	-0,9	-11,52	12,42
33,356	-4,86	-11,52	6,12
33,411	-7,56	-11,52	-1,08
33,469	-9,18	-11,52	-8,82
33,526	-8,82	-11,52	-14,94
33,585	-6,66	-9,36	-18,36
33,643	-3,06	-5,04	-18,36
33,7	1,08	-0,54	-14,94
33,757	5,04	4,14	-9,36
33,81	8,46	8,64	-1,98
33,864	10,8	12,6	6,12
33,916	11,52	15,48	12,78
33,967	10,8	17,46	18
34,021	8,64	18,36	20,34
34,071	5,76	18,18	19,98
34,124	2,34	16,56	16,74
34,176	-1,08	13,86	10,62
34,232	-3,96	10,26	3,06
34,286	-5,58	5,94	-4,86
34,342	-5,94	1,08	-12,06
34,398	-4,86	-3,78	-17,28
34,457	-2,34	-8,28	-19,08
34,515	0,54	-11,52	-17,64
34,57	3,24	-11,52	-13,14
34,624	5,58	-11,52	-6,48
34,68	6,84	-11,52	1,26
34,734	7,02	-11,52	8,46
34,788	5,94	-10,44	13,86
34,842	3,78	-6,66	17,46
34,897	1,26	-1,98	17,82
34,952	-1,44	3,24	15,3
35,005	-3,42	7,92	10,26
35,06	-4,5	12,24	3,42
35,115	-4,5	15,66	-3,6
35,173	-3,06	18	-9,9
35,229	-0,36	18,9	-14,4
35,286	2,88	18,36	-16,02
35,339	5,94	16,56	-14,94
35,392	8,46	13,5	-10,98
35,448	10,08	9,54	-5,04
35,502	10,26	4,86	1,8
35,555	8,82	0,36	8,1
35,607	6,3	-4,14	13,32
35,66	2,88	-8,28	16,2
35,713	-0,9	-11,52	16,74
35,769	-4,68	-11,52	13,86
35,828	-7,56	-11,52	8,28
35,886	-8,82	-11,52	1,26
35,94	-8,46	-11,52	-5,94
35,999	-6,3	-9,18	-12,96
36,06	-2,7	-4,86	-16,92
36,117	1,44	-0,36	-17,64
36,173	5,58	4,68	-15,66
36,227	8,46	9	-10,8
36,282	10,62	12,78	-4,14
36,334	11,16	15,66	3,24
36,386	10,26	17,46	10,26
36,437	8,28	18,36	15,84
36,49	5,22	17,82	19,08
36,541	1,98	16,38	19,8
36,592	-1,08	13,68	17,64
36,645	-3,78	10,08	12,6
36,699	-5,22	5,58	5,22
36,757	-5,58	0,9	-2,34
36,812	-4,5	-3,6	-10,26
36,871	-2,16	-8,28	-16,02
36,93	0,72	-11,52	-18,9
36,985	3,42	-11,52	-18,36
37,041	5,58	-11,52	-14,76
37,097	6,48	-11,52	-8,64
37,153	6,48	-11,52	-1,08
37,208	5,4	-9,72	6,48
37,26	3,42	-6,12	12,6
37,313	0,9	-1,62	16,74
37,364	-1,44	2,88	18,36
37,418	-3,42	7,56	17,28
37,47	-4,32	11,7	13,32
37,524	-4,32	14,94	7,92
37,573	-3,06	17,28	1,26
37,626	-0,9	18,54	-5,58
37,682	2,16	18,36	-11,34
37,736	5,22	16,92	-15,12
37,794	8,1	14,22	-16,2
37,849	9,72	10,62	-14,22
37,901	10,08	6,48	-10,08
37,954	9	1,8	-4,14
38,006	6,84	-2,7	2,7
38,059	3,6	-6,84	8,82
38,111	0	-10,44	13,5
38,164	-3,42	-11,52	16,2
38,219	-6,48	-11,52	15,84
38,278	-8,46	-11,52	12,24
38,335	-8,46	-11,52	6,84
38,389	-7,02	-10,8	-0,18
38,449	-3,96	-6,66	-7,56
38,506	-0,18	-2,16	-13,14
38,565	4,14	2,7	-16,38
38,619	7,38	7,02	-16,74
38,67	9,72	11,16	-14,22
38,728	10,8	14,76	-9
38,783	10,26	17,1	-1,8
38,841	8,28	18,18	5,94
38,894	5,58	18	12,06
38,945	2,34	16,74	16,56
38,996	-0,72	14,22	18,9
39,051	-3,24	10,44	18,36
39,104	-4,86	6,3	14,94
39,159	-5,4	1,8	9,18
39,212	-4,5	-2,7	1,8
39,267	-2,52	-7,02	-5,94
39,325	0	-10,44	-12,6
39,379	2,7	-11,52	-17,1
39,432	4,68	-11,52	-18,9
39,488	6,12	-11,52	-17,46
39,546	6,48	-11,52	-12,96
39,601	5,58	-10,8	-6,3
39,658	3,78	-7,02	1,8
39,713	1,44	-2,7	8,82
39,765	-1,08	1,98	14,4
39,818	-3,06	6,48	18
39,871	-4,14	10,62	18,72
39,927	-4,32	14,22	16,38
39,981	-3,06	16,74	11,34
40,038	-0,72	18,18	4,68
40,092	2,16	18,18	-1,98
40,147	5,22	16,92	-8,82
40,202	7,92	14,22	-13,86
40,258	9,54	10,62	-16,38
40,313	9,9	6,48	-15,84
40,366	8,82	1,98	-12,78
40,42	6,48	-2,52	-7,38
40,476	3,06	-7,02	-0,36
40,533	-0,9	-10,98	7,02
40,59	-4,5	-11,52	12,6
40,648	-7,2	-11,52	15,66
40,703	-8,46	-11,52	15,84
40,76	-8,1	-11,52	13,14
40,815	-6,3	-10,08	7,92
40,873	-3,06	-5,94	1,08
40,929	0,72	-1,8	-5,22
40,985	4,5	3,06	-10,8
41,038	7,74	7,74	-14,94
41,096	9,9	11,88	-16,02
41,15	10,62	15,12	-14,22
41,204	9,9	17,1	-10,08
41,257	7,92	18,18	-4,14
41,311	4,86	17,82	2,7
41,361	1,98	16,38	9,18
41,414	-1,08	13,68	14,4
41,466	-3,42	10,44	17,46
41,519	-4,86	6,12	18
41,571	-5,22	1,8	15,66
41,625	-4,32	-2,88	10,62
41,682	-2,34	-7,2	3,42
41,739	0,18	-10,62	-3,78
41,796	2,88	-11,52	-10,8
41,851	5,04	-11,52	-15,84
41,907	6,12	-11,52	-18,36
41,963	6,3	-11,52	-17,64
42,018	5,22	-10,26	-13,86
42,075	3,42	-6,66	-7,74
42,13	1,08	-2,34	-0,36
42,185	-1,44	2,52	7,2
42,24	-3,42	7,02	13,5
42,295	-4,32	11,16	17,64
42,35	-3,96	14,58	18,9
42,405	-2,52	16,74	17,28
42,458	-0,18	17,82	12,6
42,514	2,88	17,64	6,84
42,565	5,58	16,38	-0,18
42,621	8,1	13,68	-7,38
42,676	9,54	10,26	-12,96
42,73	9,72	6,12	-16,2
42,783	8,46	1,62	-16,74
42,838	6,12	-2,7	-14,22
42,892	2,88	-6,84	-9,54
42,947	-0,9	-10,44	-2,88
43,004	-4,5	-11,52	4,32
43,059	-7,02	-11,52	10,08
43,114	-8,28	-11,52	14,22
43,169	-8,1	-11,52	15,84
43,226	-6,12	-10,08	14,4
43,283	-3,06	-6,3	10,44
43,339	0,72	-2,16	4,86
43,393	4,5	2,52	-1,8
43,449	7,56	7,02	-7,56
43,503	9,72	11,16	-12,42
43,558	10,44	14,58	-14,76
43,614	9,72	16,92	-14,58
43,67	7,74	18	-11,7
43,724	4,86	17,82	-6,66
43,777	1,62	16,2	-0,36
43,831	-1,26	13,5	6,3
43,885	-3,6	9,9	12,24
43,942	-4,86	5,58	15,84
43,997	-4,86	0,72	16,92
44,052	-3,78	-3,96	14,94
44,11	-1,62	-8,1	10,26
44,165	1,08	-11,16	3,96
44,22	3,42	-11,52	-3,24
44,277	5,4	-11,52	-9,9
44,334	6,3	-11,52	-14,94
44,39	6,12	-11,52	-17,46
44,446	4,86	-9,18	-16,92
44,5	2,7	-5,4	-13,5
44,556	0,36	-1,08	-7,74
44,611	-1,98	3,6	-0,9
44,666	-3,78	8,1	6,84
44,722	-4,5	11,88	13,14
44,775	-3,78	14,94	17,28
44,827	-2,34	16,74	18,72
44,88	0,36	17,46	17,82
44,932	3,24	17,28	14,4
44,982	5,94	15,84	9
45,033	8,1	13,5	2,16
45,084	9,54	10,44	-4,5
45,139	9,72	6,48	-10,62
45,191	8,64	2,16	-14,94
45,245	6,3	-2,16	-16,92
45,3	3,06	-6,3	-15,84
45,357	-0,9	-10,08	-11,7
45,415	-4,5	-11,52	-5,94
45,469	-7,02	-11,52	1,08
45,525	-8,28	-11,52	7,74
45,582	-8,1	-11,52	12,78
45,638	-6,12	-10,08	15,48
45,694	-3,24	-6,48	15,3
45,752	0,54	-2,34	12,6
45,805	4,32	1,98	7,92
45,858	7,38	6,3	1,8
45,912	9,54	10,62	-3,96
45,966	10,44	14,04	-9,54
46,022	9,9	16,38	-13,14
46,075	8,1	17,64	-14,4
46,127	5,4	17,82	-13,14
46,181	2,16	16,56	-9,54
46,235	-0,9	14,04	-4,14
46,29	-3,42	10,62	2,52
46,347	-4,86	6,3	8,46
46,4	-5,04	1,8	12,78
46,451	-4,14	-2,52	15,48
46,507	-2,16	-6,84	15,3
46,564	0,36	-10,08	12,78
46,618	2,88	-11,52	7,74
46,672	4,86	-11,52	1,44
46,724	6,12	-11,52	-4,86
46,78	6,48	-11,52	-10,8
46,836	5,58	-10,62	-14,94
46,892	3,6	-7,02	-16,56
46,949	1,26	-2,52	-15,3
47,004	-1,26	1,98	-11,16
47,059	-3,24	6,3	-5,58
47,111	-4,32	10,26	1,26
47,164	-4,32	13,5	7,92
47,217	-3,24	15,84	13,86
47,274	-0,9	17,1	17,28
47,326	2,16	17,28	18,18
47,379	5,04	16,2	16,38
47,434	7,74	14,04	12,06
47,488	9,36	10,8	6,12
47,539	9,9	7,2	-0,36
47,593	9	3,06	-7,2
47,646	7,02	-1,08	-12,96
47,701	3,78	-5,22	-16,2
47,757	0,18	-8,82	-16,74
47,811	-3,42	-11,52	-14,4
47,868	-6,3	-11,52	-9,18
47,928	-8,1	-11,52	-2,52
47,985	-8,1	-11,52	4,32
48,039	-6,66	-10,44	10,26
48,095	-3,96	-7,2	14,22
48,153	-0,36	-3,06	15,66
48,211	3,78	1,44	14,58
48,262	6,84	5,58	11,16
48,316	9,18	9,54	6,12
48,367	10,44	12,96	0,18
48,42	10,26	15,48	-5,4
48,473	8,64	17,1	-10,44
48,53	5,94	17,64	-13,32
48,583	2,88	16,74	-13,86
48,638	-0,36	14,58	-11,7
48,695	-3,06	11,16	-7,02
48,755	-4,86	6,66	-1,08
48,812	-5,04	2,16	5,04
48,865	-4,14	-2,34	10,44
48,922	-2,16	-6,66	13,86
48,977	0,36	-10,08	14,76
49,03	2,7	-11,52	13,32
49,083	4,86	-11,52	9,54
49,137	6,12	-11,52	4,14
49,19	6,48	-11,52	-1,8
49,245	5,58	-10,62	-8,1
49,302	3,78	-7,2	-12,78
49,357	1,44	-3,06	-15,3
49,412	-0,9	1,62	-14,94
49,469	-3,06	6,12	-12,06
49,524	-4,14	10,26	-7,02
49,579	-4,32	13,5	-0,72
49,635	-3,06	16,02	6,48
49,691	-0,72	17,1	12,24
49,746	2,16	17,1	16,02
49,799	5,22	15,84	17,46
49,85	7,56	13,68	16,38
49,9	9,18	10,8	13,32
49,95	9,9	7,2	8,28
50,003	9,18	3,24	1,8
50,055	7,2	-0,9	-4,86
50,112	4,14	-5,04	-10,98
50,168	0,36	-8,82	-15,3
50,227	-3,42	-11,52	-16,56
50,285	-6,48	-11,52	-14,76
50,344	-8,1	-11,52	-10,26
50,4	-8,1	-11,52	-3,96
50,459	-6,48	-9,9	3,24
50,515	-3,6	-6,48	9,36
50,572	-0,18	-2,7	13,68
50,627	3,78	1,44	15,66
50,678	6,84	5,4	15,48
50,727	9,18	9,18	13,32
50,778	10,26	12,42	9
50,829	10,26	15,12	3,6
50,882	9	16,74	-2,34
50,936	6,48	17,28	-7,74
50,989	3,6	16,74	-11,52
51,04	0,36	14,94	-13,68
51,093	-2,34	12,24	-13,32
51,148	-4,32	8,28	-10,44
51,204	-5,04	3,96	-5,58
51,26	-4,68	-0,72	0,54
51,316	-2,88	-5,04	6,3
51,372	-0,72	-9	10,98
51,428	1,98	-11,52	13,5
51,481	4,14	-11,52	13,86
51,535	5,76	-11,52	11,7
51,589	6,3	-11,52	7,74
51,644	5,94	-11,34	1,98
51,699	4,5	-8,28	-3,96
51,756	2,34	-4,32	-9,18
51,812	-0,18	0,54	-12,96
51,867	-2,34	4,86	-14,22
51,922	-3,78	9,36	-12,96
51,979	-4,14	12,78	-9,36
52,036	-3,42	15,48	-3,42
52,095	-1,26	16,92	3,24
52,148	1,44	17,1	8,82
52,2	4,32	16,02	13,32
52,251	6,84	14,22	15,84
52,304	8,82	11,16	16,2
52,357	9,54	7,56	14,22
52,409	9,18	3,6	10,08
52,461	7,56	-0,54	4,14
52,515	4,86	-4,5	-1,98
52,569	1,44	-7,92	-8,28
52,623	-1,98	-10,8	-13,14
52,681	-5,22	-11,52	-15,84
52,738	-7,38	-11,52	-15,84
52,794	-8,1	-11,52	-12,78
52,854	-7,02	-10,44	-7,2
52,913	-4,5	-7,2	-0,36
52,972	-0,9	-3,24	6,3
53,028	2,7	0,72	11,34
53,082	6,12	4,86	14,94
53,134	8,64	8,64	16,02
53,185	10,08	12,06	14,76
53,238	10,08	14,58	11,52
53,291	9	16,38	6,66
53,342	6,84	16,92	0,9
53,393	4,14	16,56	-4,68
53,446	0,9	14,94	-9,54
53,498	-1,8	12,42	-12,78
53,552	-3,78	8,82	-13,86
53,609	-4,86	4,5	-12,24
53,666	-4,68	0	-8,46
53,722	-3,24	-4,32	-2,7
53,781	-0,9	-8,46	3,6
53,839	1,62	-11,34	8,46
53,891	3,78	-11,52	11,88
53,944	5,4	-11,52	13,32
53,999	6,12	-11,52	12,6
54,052	5,94	-11,52	9,72
54,104	4,86	-8,82	5,22
54,157	2,88	-5,22	0
54,208	0,72	-1,08	-5,4
54,263	-1,44	3,6	-9,9
54,318	-3,24	7,92	-12,6
54,373	-3,96	11,7	-13,14
54,428	-3,6	14,58	-11,34
54,483	-2,16	16,38	-7,2
54,54	0,18	17,1	-1,8
54,595	3,24	16,38	4,32
54,65	5,94	14,76	9,54
54,7	7,92	12,24	13,14
54,751	9,18	9	15,12
54,803	9,36	5,04	14,94
54,855	8,1	0,9	12,42
54,908	5,76	-3,06	7,74
54,963	2,7	-6,84	1,98
55,017	-0,72	-9,9	-4,5
55,077	-4,14	-11,52	-10,44
55,136	-6,66	-11,52	-14,4
55,193	-7,74	-11,52	-15,66
55,249	-7,38	-10,98	-14,22
55,304	-5,58	-8,46	-10,26
55,361	-2,52	-4,86	-4,68
55,418	1,26	-0,9	2,16
55,475	4,68	3,42	7,92
55,526	7,38	7,2	12,6
55,577	9,18	10,62	15,48
55,631	10,08	13,68	16,02
55,685	9,36	15,48	14,4
55,735	7,74	16,56	10,62
55,789	5,22	16,56	5,22
55,842	2,16	15,3	-0,9
55,899	-0,9	12,78	-6,84
55,955	-3,24	9,36	-11,7
56,014	-4,68	5,04	-13,86
56,071	-4,68	0,72	-13,5
56,128	-3,6	-3,42	-10,62
56,184	-1,44	-7,56	-5,76
56,241	1,08	-10,62	0
56,294	3,24	-11,52	5,22
56,347	4,86	-11,52	9,72
56,4	5,94	-11,52	12,6
56,454	5,94	-11,52	13,32
56,508	5,04	-9,18	11,7
56,563	3,24	-5,58	8,28
56,615	1,08	-1,62	3,24
56,669	-1,08	2,88	-1,98
56,726	-2,88	7,38	-7,38
56,785	-3,78	11,34	-11,16
56,841	-3,6	14,4	-12,6
56,896	-2,16	16,2	-11,7
56,953	0,18	16,92	-8,64
57,007	2,88	16,38	-3,96
57,061	5,58	14,58	1,44
57,113	7,74	12,06	6,48
57,163	8,82	8,82	10,8
57,215	9	5,04	13,68
57,268	7,92	0,9	14,4
57,32	5,76	-2,88	12,96
57,374	2,88	-6,66	9,18
57,428	-0,36	-9,72	3,78
57,484	-3,6	-11,52	-2,34
57,541	-6,12	-11,52	-8,28
57,598	-7,38	-11,52	-12,6
57,655	-7,2	-11,16	-14,76
57,711	-5,58	-8,46	-14,58
57,768	-2,7	-5,04	-11,52
57,824	0,72	-1,26	-6,66
57,881	3,96	2,88	-0,9
57,934	6,84	6,84	5,22
57,985	8,82	10,26	10,8
58,04	9,54	13,14	14,58
58,093	9,18	15,12	16,2
58,145	7,74	16,2	15,48
58,196	5,4	16,2	12,42
58,249	2,7	15,12	7,74
58,302	-0,18	12,96	1,8
58,354	-2,52	10,08	-4,14
58,411	-4,14	6,12	-9,54
58,465	-4,5	1,98	-12,96
58,521	-3,78	-2,16	-14,4
58,581	-2,16	-6,3	-12,78
58,639	0,36	-9,54	-9,18
58,696	2,52	-11,52	-3,78
58,751	4,32	-11,52	1,98
58,803	5,58	-11,52	7,2
58,857	5,76	-11,52	11,16
58,911	5,04	-9,54	13,32
58,965	3,42	-6,12	13,14
59,019	1,44	-2,34	10,62
59,072	-0,54	1,98	6,48
59,127	-2,34	6,3	1,44
59,182	-3,24	10,08	-3,78
59,237	-3,42	13,32	-8,46
59,293	-2,34	15,48	-11,34
59,347	-0,54	16,56	-12,24
59,406	2,16	16,38	-10,62
59,458	4,68	15,12	-7,2
59,514	7,02	12,6	-2,16
59,569	8,46	9,36	2,88
59,619	8,64	5,76	7,56
59,67	7,92	1,8	11,34
59,725	5,94	-2,34	13,5
59,78	3,24	-6,12	13,14
59,834	0	-9,18	10,62
59,889	-3,06	-11,52	6,12
59,945	-5,4	-11,52	0,54
59,998	-6,84	-11,52	-5,22
60,057	-7,02	-11,34	-10,44
60,114	-5,58	-8,82	-13,68
60,173	-2,88	-5,22	-14,22
60,231	0,36	-1,44	-12,42
60,287	3,6	2,7	-8,28
60,342	6,3	6,48	-3,06
60,395	8,46	10,08	3,24
60,447	9,18	12,78	8,46
60,498	9	14,76	12,96
60,549	7,74	15,84	15,48
60,601	5,58	16,02	15,84
60,652	3,06	15,12	14,04
60,703	0,54	13,32	10,44
60,755	-1,8	10,44	4,86
60,808	-3,42	7,02	-1,08
60,865	-4,14	2,88	-7,02
60,92	-3,78	-1,08	-11,88
60,977	-2,34	-5,22	-14,4
61,035	-0,36	-8,82	-14,22
61,095	1,98	-11,16	-11,52
61,15	3,78	-11,52	-7,2
61,203	5,04	-11,52	-1,44
61,259	5,4	-11,52	4,68
61,314	4,86	-9,54	9,72
61,369	3,6	-6,66	12,78
61,423	1,8	-2,88	13,68
61,476	-0,18	1,26	12,6
61,53	-1,8	5,4	9,36
61,583	-2,88	9,18	4,86
61,635	-3,24	12,24	-0,18
61,69	-2,34	14,76	-5,58
61,746	-0,72	16,2	-9,36
61,799	1,44	16,38	-11,7
61,856	4,14	15,48	-11,88
61,911	6,3	13,32	-9,72
61,964	7,92	10,44	-5,94
62,017	8,46	6,84	-1,08
62,072	7,74	2,7	4,14
62,123	6,3	-1,26	8,64
62,176	3,78	-4,86	11,7
62,23	0,9	-8,1	12,96
62,283	-1,98	-10,8	12,06
62,337	-4,5	-11,52	8,82
62,393	-6,3	-11,52	3,96
62,45	-6,66	-11,52	-1,62
62,508	-5,94	-9,72	-7,38
62,568	-3,6	-6,48	-11,52
62,624	-0,72	-2,52	-13,5
62,681	2,7	1,44	-13,14
62,736	5,58	5,4	-10,62
62,789	7,56	9	-6,12
62,843	8,82	12,06	-0,36
62,897	8,82	14,4	5,58
62,949	7,74	15,66	10,26
63	5,94	15,84	13,68
63,05	3,6	15,3	15,48
63,101	1,08	13,68	14,94
63,154	-1,26	10,98	12,24
63,208	-2,88	7,74	7,56
63,264	-3,78	3,6	1,62
63,317	-3,78	-0,36	-4,86
63,378	-2,34	-4,5	-10,44
63,437	-0,54	-8,1	-13,86
63,495	1,62	-10,62	-14,76
63,552	3,42	-11,52	-13,14
63,607	4,68	-11,52	-9,18
63,664	5,04	-11,52	-3,78
63,719	4,68	-9,72	2,34
63,774	3,6	-6,84	7,74
63,826	1,98	-3,6	11,7
63,877	0	0,36	13,68
63,927	-1,44	4,14	14,04
63,98	-2,52	7,92	12,06
64,035	-3,06	11,34	8,1
64,09	-2,34	14,04	2,88
64,146	-0,9	15,66	-2,52
64,204	1,44	16,02	-7,38
64,258	3,78	15,3	-10,8
64,311	5,94	13,5	-12,06
64,367	7,56	10,8	-11,34
64,42	8,1	7,2	-8,46
64,476	7,74	3,42	-4,14
64,529	6,12	-0,72	1,26
64,584	3,78	-4,5	6,12
64,638	0,9	-7,92	10,08
64,692	-1,98	-10,44	12,24
64,749	-4,5	-11,52	12,24
64,802	-5,94	-11,52	9,9
64,86	-6,48	-11,52	5,76
64,917	-5,58	-9,72	0,36
64,973	-3,6	-6,84	-5,04
65,032	-0,72	-2,88	-9,72
65,09	2,7	1,26	-12,42
65,145	5,4	5,22	-12,78
65,199	7,56	9	-11,16
65,253	8,46	12,06	-7,38
65,307	8,46	14,22	-2,34
65,361	7,38	15,48	3,78
65,416	5,4	15,66	8,64
65,467	3,06	14,94	12,42
65,518	0,72	13,32	14,58
65,569	-1,26	10,62	14,76
65,62	-2,88	7,38	12,6
65,673	-3,6	3,6	8,64
65,727	-3,42	-0,18	2,88
65,784	-2,34	-4,14	-3,24
65,843	-0,36	-7,74	-9
65,902	1,62	-10,26	-12,96
65,957	3,42	-11,52	-14,58
66,014	4,5	-11,52	-13,86
66,07	5,04	-11,52	-10,62
66,125	4,5	-9,72	-5,58
66,181	3,42	-6,84	0,18
66,232	1,8	-3,6	5,76
66,285	0	0,18	10,26
66,335	-1,44	3,96	13,32
66,389	-2,52	7,74	14,4
66,442	-2,88	10,98	13,32
66,495	-2,34	13,68	10,08
66,551	-0,9	15,3	5,22
66,606	1,26	15,84	0,18
66,656	3,42	15,48	-4,68
66,708	5,4	13,86	-9
66,764	7,2	11,34	-11,88
66,818	7,92	8,1	-12,42
66,871	7,74	4,5	-10,98
66,924	6,48	0,9	-7,92
66,975	4,5	-2,88	-3,06
67,03	1,62	-6,66	2,52
67,086	-1,26	-9,54	7,38
67,142	-3,78	-11,34	10,8
67,197	-5,58	-11,52	12,24
67,251	-6,3	-11,52	11,52
67,306	-5,94	-10,44	8,82
67,362	-4,32	-7,92	4,32
67,419	-1,62	-4,32	-1,08
67,478	1,44	-0,54	-5,94
67,534	4,5	3,6	-9,9
67,589	6,84	7,56	-11,88
67,644	8,1	10,8	-11,88
67,698	8,46	13,32	-9,72
67,751	7,74	15,12	-5,76
67,805	6,12	15,66	-0,9
67,856	3,96	15,3	4,5
67,909	1,44	13,86	9,18
67,96	-0,72	11,52	12,6
68,015	-2,34	8,28	14,04
68,071	-3,42	4,32	13,32
68,127	-3,42	0,54	10,26
68,181	-2,52	-3,24	5,58
68,236	-0,9	-6,84	-0,36
68,296	1,26	-9,54	-6,12
68,351	2,88	-11,34	-10,62
68,404	4,32	-11,52	-13,68
68,46	4,86	-11,52	-14,4
68,516	4,68	-10,08	-12,42
68,572	3,6	-7,56	-8,64
68,627	2,16	-4,32	-3,06
68,685	0,36	-0,36	3,24
68,74	-1,44	3,6	8,46
68,793	-2,52	7,2	12,24
68,845	-2,88	10,44	14,4
68,899	-2,34	13,14	14,4
68,953	-0,9	14,76	12,06
69,008	1,08	15,48	8,1
69,06	3,24	15,12	3,06
69,111	5,4	13,86	-2,52
69,168	7,02	11,52	-7,38
69,223	7,92	8,28	-11,16
69,279	7,74	4,5	-12,78
69,333	6,3	0,9	-12,06
69,388	4,14	-3,06	-9,18
69,445	1,44	-6,66	-4,68
69,5	-1,44	-9,54	0,9
69,556	-3,96	-11,16	5,76
69,61	-5,76	-11,52	9,72
69,666	-6,3	-11,52	11,88
69,726	-5,58	-9,9	11,7
69,782	-3,6	-7,2	9,36
69,839	-0,9	-3,78	5,22
69,896	2,16	0	0,72
69,948	4,86	3,78	-4,32
70,003	6,84	7,38	-8,28
70,056	8,1	10,8	-10,8
70,111	8,46	13,32	-11,52
70,164	7,56	14,94	-10,26
70,216	5,94	15,48	-7,02
70,269	3,78	15,12	-2,52
70,323	1,26	13,68	2,52
70,375	-0,9	11,16	7,56
70,431	-2,52	7,92	11,16
70,484	-3,42	4,32	12,96
70,535	-3,24	0,72	13,14
70,589	-2,34	-3,06	10,8
70,643	-0,9	-6,48	6,84
70,698	1,08	-9	1,98
70,75	2,7	-10,98	-3,42
70,805	4,14	-11,52	-8,28
70,857	4,86	-11,52	-11,88
70,912	4,86	-10,44	-13,86
70,969	3,96	-8,1	-13,14
71,026	2,34	-5,04	-10,26
71,082	0,54	-1,26	-5,4
71,137	-1,08	2,7	0,36
71,191	-2,34	6,48	5,76
71,242	-2,88	9,54	10,44
71,297	-2,52	12,24	13,5
71,347	-1,44	14,22	14,76
71,4	0,36	15,12	13,86
71,451	2,52	15,12	10,98
71,504	4,68	14,04	6,48
71,557	6,48	12,24	1,26
71,609	7,74	9,54	-3,78
71,662	7,92	6,3	-8,46
71,715	7,02	2,7	-11,88
71,769	5,4	-0,9	-12,96
71,823	2,88	-4,32	-12,06
71,874	0,36	-7,38	-9,18
71,931	-2,52	-10,08	-3,96
71,993	-4,86	-11,34	1,62
72,048	-6,12	-11,52	6,3
72,101	-6,12	-10,98	10,08
72,156	-4,86	-9	12,06
72,21	-2,88	-6,12	11,88
72,266	0	-2,88	9,72
72,319	2,7	0,72	6,3
72,371	5,22	4,5	1,8
72,424	7,2	8,1	-2,88
72,478	8,28	11,16	-7,2
72,534	8,1	13,5	-10,08
72,588	7,02	14,94	-10,98
72,642	5,22	15,3	-10,08
72,695	2,88	14,76	-7,2
72,748	0,54	12,96	-3,24
72,802	-1,44	10,26	1,8
72,855	-2,88	7,02	6,3
72,907	-3,42	3,42	10,08
72,961	-3,06	-0,36	12,06
73,017	-1,98	-4,14	12,24
73,074	-0,18	-7,56	9,9
73,13	1,8	-9,9	6,12
73,185	3,42	-11,34	1,26
73,238	4,5	-11,52	-3,96
73,294	4,86	-11,16	-8,82
73,352	4,5	-9,18	-12,06
73,409	3,24	-6,3	-13,14
73,467	1,44	-2,88	-11,88
73,522	-0,36	1,08	-8,28
73,577	-1,8	4,86	-3,42
73,634	-2,7	8,46	2,16
73,688	-2,88	11,34	7,56
73,742	-1,8	13,5	11,7
73,795	-0,18	14,76	14,04
73,851	1,98	14,94	14,4
73,904	4,14	14,22	12,42
73,957	6,12	12,42	8,82
74,008	7,38	9,9	3,96
74,061	7,92	6,84	-1,26
74,114	7,2	3,42	-6,48
74,169	5,76	-0,18	-10,62
74,226	3,42	-3,78	-12,78
74,281	0,54	-7,02	-12,78
74,335	-2,16	-9,54	-10,44
74,393	-4,5	-10,98	-5,94
74,453	-5,94	-11,34	-0,54
74,51	-5,94	-10,62	5,04
74,566	-4,86	-8,64	9,18
74,62	-2,88	-6,12	11,7
74,677	0	-2,7	12,24
74,728	2,7	0,72	10,98
74,781	5,22	4,32	8,1
74,835	7,2	7,92	3,42
74,889	8,28	10,98	-1,08
74,945	8,1	13,32	-5,58
74,998	7,02	14,76	-8,82
75,052	5,22	15,12	-10,62
75,107	2,88	14,58	-10,44
75,159	0,54	12,96	-8,46
75,211	-1,44	10,44	-5,04
75,265	-2,88	7,02	-0,36
75,322	-3,42	3,24	4,32
75,374	-3,06	-0,54	8,46
75,431	-1,8	-4,32	10,98
75,488	0	-7,38	11,7
75,541	1,8	-9,72	10,26
75,596	3,42	-11,16	7,2
75,65	4,5	-11,52	2,88
75,701	4,86	-11,16	-1,98
75,758	4,5	-9,36	-7,02
75,816	3,42	-6,48	-10,62
75,873	1,62	-2,88	-12,24
75,929	-0,18	0,9	-11,52
75,988	-1,62	5,04	-8,64
76,044	-2,52	8,64	-4,14
76,101	-2,7	11,52	1,08
76,152	-1,98	13,5	6,12
76,206	-0,36	14,58	10,26
76,26	1,8	14,76	12,96
76,31	3,78	14,04	13,86
76,362	5,76	12,42	12,96
76,412	7,2	10,08	10,08
76,463	7,74	7,2	6,12
76,513	7,56	3,96	1,08
76,564	6,3	0,54	-3,96
76,618	4,32	-2,7	-8,46
76,672	1,8	-5,94	-11,7
76,727	-1,08	-8,64	-13,14
76,786	-3,78	-10,44	-11,88
76,845	-5,58	-10,98	-8,46
76,899	-5,94	-10,8	-3,78
76,956	-5,4	-9,36	1,44
77,01	-3,78	-6,84	6,48
77,066	-1,26	-3,78	10,26
77,124	1,8	-0,18	12,24
77,18	4,5	3,42	12,24
77,229	6,48	6,66	10,44
77,28	7,74	9,72	7,02
77,333	8,28	12,24	2,88
77,383	7,74	13,86	-1,44
77,436	6,3	14,76	-5,76
77,489	4,14	14,76	-9
77,544	1,8	13,68	-10,44
77,597	-0,36	11,52	-10,26
77,651	-2,16	8,64	-8,1
77,706	-3,06	5,22	-4,32
77,761	-3,24	1,26	0,18
77,812	-2,7	-2,16	4,5
77,866	-1,26	-5,76	8,28
77,921	0,54	-8,46	10,44
77,976	2,34	-10,44	10,98
78,031	3,78	-11,34	9,54
78,084	4,68	-11,52	6,3
78,139	4,86	-10,26	1,98
78,194	4,14	-8,1	-2,52
78,249	2,88	-5,22	-6,84
78,306	1,26	-1,44	-9,9
78,362	-0,54	2,52	-11,34
78,419	-1,98	6,48	-10,44
78,477	-2,52	9,72	-7,56
78,533	-2,34	12,24	-3,42
78,588	-1,26	14,04	1,98
78,645	0,54	14,76	6,66
78,696	2,7	14,4	10,44
78,75	4,86	12,96	12,78
78,806	6,48	10,8	13,14
78,856	7,38	8,1	11,7
78,906	7,56	5,04	8,46
78,958	6,66	1,62	4,14
79,01	5,04	-1,8	-0,9
79,067	2,7	-5,04	-6,12
79,123	-0,18	-8,1	-10,44
79,181	-2,88	-9,9	-12,6
79,241	-4,86	-10,8	-12,42
79,3	-5,76	-10,8	-9,9
79,359	-5,58	-9,18	-5,4
79,417	-3,96	-6,84	0
79,475	-1,44	-3,6	5,22
79,532	1,44	-0,36	9,36
79,587	4,14	3,24	11,88
79,638	6,3	6,48	12,6
79,69	7,74	9,54	11,52
79,741	8,1	11,88	8,82
79,792	7,74	13,68	5,04
79,845	6,48	14,58	0,72
79,894	4,68	14,58	-3,42
79,945	2,34	13,68	-7,38
79,999	0,18	11,7	-9,72
80,051	-1,62	9	-10,62
80,105	-2,88	5,76	-9,54
80,161	-3,24	1,98	-6,66
80,217	-2,88	-1,98	-2,16
80,277	-1,44	-5,4	2,52
80,332	0,36	-8,28	6,48
80,385	1,98	-10,08	9,18
80,438	3,42	-11,16	10,44
80,49	4,32	-11,34	10,08
80,542	4,68	-10,44	7,92
80,597	4,32	-8,46	4,32
80,65	3,24	-5,76	0,18
80,703	1,8	-2,34	-4,14
80,762	0	1,62	-7,74
80,817	-1,44	5,58	-10,08
80,875	-2,34	9,18	-10,26
80,931	-2,34	11,88	-8,64
80,985	-1,62	13,68	-5,04
81,043	0	14,58	-0,9
81,097	1,98	14,4	3,96
81,148	3,96	13,32	7,92
81,202	5,76	11,34	10,8
81,254	7,02	8,82	12,24
81,304	7,38	5,76	11,88
81,355	6,84	2,34	9,9
81,406	5,58	-1,08	6,12
81,461	3,42	-4,32	1,62
81,516	0,9	-7,2	-3,42
81,573	-1,8	-9,36	-8,28
81,631	-3,96	-10,44	-11,34
81,689	-5,22	-10,62	-12,42
81,748	-5,58	-9,72	-11,16
81,804	-4,5	-7,74	-7,74
81,864	-2,52	-4,68	-2,7
81,924	0,36	-1,26	2,34
81,977	2,88	1,98	6,66
82,028	5,04	5,4	10,26
82,081	6,84	8,46	12,24
82,132	7,74	10,98	12,6
82,185	7,92	12,96	10,98
82,237	7,02	14,04	7,92
82,291	5,22	14,4	3,78
82,342	3,24	13,68	-0,72
82,396	1,08	12,06	-5,04
82,45	-1,08	9,36	-8,64
82,504	-2,52	6,48	-10,44
82,559	-3,06	2,88	-10,44
82,614	-2,88	-0,72	-8,46
82,67	-1,98	-4,32	-5,04
82,725	-0,36	-7,38	-0,54
82,783	1,44	-9,54	3,78
82,836	2,88	-10,8	7,38
82,889	3,96	-11,16	9,54
82,944	4,5	-10,44	10,26
82,997	4,32	-8,64	9,18
83,048	3,6	-6,3	6,84
83,098	2,34	-3,24	3,42
83,151	0,9	0	-0,36
83,203	-0,54	3,78	-4,68
83,26	-1,62	7,56	-7,92
83,315	-2,16	10,62	-9,54
83,371	-1,8	12,96	-9,54
83,427	-0,72	14,22	-7,56
83,485	1,08	14,58	-4,14
83,539	3,06	13,68	0,18
83,591	4,86	12,06	4,32
83,642	6,12	9,72	7,92
83,694	7,02	6,84	10,44
83,745	7,02	3,6	11,52
83,797	5,94	0,18	10,8
83,85	4,32	-3,06	8,46
83,904	2,16	-6,12	4,5
83,959	-0,36	-8,46	-0,18
84,019	-2,88	-10,08	-5,4
84,077	-4,5	-10,44	-9,18
84,134	-5,22	-10,08	-11,52
84,191	-4,86	-8,28	-11,7
84,25	-3,42	-5,76	-9,54
84,309	-1,08	-2,34	-5,58
84,366	1,62	0,9	-1,26
84,42	3,96	4,32	3,78
84,472	5,94	7,38	7,92
84,525	7,2	10,26	11,16
84,581	7,74	12,24	12,6
84,632	7,2	13,5	12,24
84,683	5,94	14,04	10,26
84,736	4,14	13,68	6,48
84,789	1,98	12,24	1,98
84,845	-0,18	9,9	-2,88
84,902	-1,98	6,84	-7,38
84,959	-2,88	3,42	-9,9
85,014	-2,88	-0,18	-10,98
85,071	-2,16	-3,78	-9,9
85,13	-0,72	-6,84	-6,66
85,19	1,08	-9,18	-2,7
85,245	2,52	-10,44	1,98
85,299	3,6	-10,8	6,12
85,354	4,32	-10,08	9
85,408	4,14	-8,46	10,26
85,461	3,6	-5,94	9,9
85,517	2,34	-2,7	7,92
85,569	0,9	0,72	4,68
85,621	-0,36	4,32	0,9
85,674	-1,44	7,56	-3,06
85,73	-1,8	10,44	-6,48
85,784	-1,62	12,78	-8,82
85,84	-0,54	14,04	-9,36
85,899	1,26	14,22	-7,74
85,954	3,06	13,5	-4,86
86,01	4,86	11,52	-1,08
86,063	6,12	9,18	2,88
86,112	6,66	6,3	6,48
86,162	6,48	3,06	9,18
86,214	5,58	-0,36	10,62
86,271	3,78	-3,6	10,26
86,325	1,62	-6,48	8,28
86,378	-0,72	-8,82	4,68
86,436	-2,88	-10,08	0
86,491	-4,32	-10,44	-4,5
86,55	-5,04	-9,72	-8,46
86,61	-4,5	-7,74	-10,98
86,668	-2,88	-5,22	-11,16
86,725	-0,72	-1,8	-9,36
86,783	1,98	1,62	-5,94
86,837	4,14	4,86	-1,8
86,889	5,94	7,92	3,06
86,94	7,02	10,26	7,2
86,99	7,38	12,24	10,26
87,042	7,02	13,32	12,24
87,095	5,76	13,86	12,42
87,15	3,78	13,32	10,62
87,203	1,8	11,88	7,38
87,254	0	9,72	3,42
87,304	-1,44	7,02	-1,44
87,363	-2,52	3,6	-5,94
87,417	-2,7	0,18	-9,36
87,472	-2,16	-3,06	-11,16
87,529	-0,9	-6,3	-10,8
87,586	0,54	-8,46	-8,64
87,639	1,98	-9,9	-5,22
87,694	3,24	-10,44	-0,9
87,749	3,96	-10,08	3,78
87,804	4,14	-8,64	7,56
87,859	3,6	-6,12	10,08
87,915	2,52	-3,24	10,62
87,968	1,26	0	9,54
88,017	0	3,24	7,38
88,068	-0,9	6,48	3,78
88,12	-1,44	9,36	0
88,172	-1,62	11,7	-3,78
88,227	-0,9	13,32	-7,02
88,283	0,54	14,04	-8,82
88,336	2,16	13,86	-9
88,391	3,96	12,42	-7,56
88,444	5,22	10,44	-4,68
88,5	6,3	7,56	-0,9
88,551	6,48	4,5	2,88
88,603	5,76	1,08	6,48
88,654	4,5	-2,16	9
88,708	2,7	-5,04	10,08
88,761	0,54	-7,56	9,54
88,816	-1,8	-9,54	7,2
88,875	-3,42	-10,26	3,42
88,931	-4,5	-10,08	-1,08
88,991	-4,5	-8,64	-5,58
89,049	-3,6	-6,48	-8,82
89,107	-1,62	-3,42	-10,62
89,165	0,72	0	-10,26
89,219	3,06	3,42	-8,1
89,272	5,04	6,48	-4,86
89,326	6,3	9,18	-0,72
89,378	7,02	11,34	3,96
89,432	6,84	12,96	8,28
89,488	5,94	13,5	11,16
89,542	4,32	13,32	12,24
89,595	2,52	12,24	11,7
89,645	0,72	10,44	9,36
89,697	-0,9	7,74	5,76
89,75	-1,98	4,68	1,26
89,804	-2,34	1,44	-3,42
89,86	-2,16	-1,98	-7,74
89,918	-1,26	-5,22	-10,44
89,975	0,18	-7,56	-11,34
90,028	1,44	-9,36	-10,26
90,088	2,88	-10,08	-7,38
90,144	3,6	-10,08	-3,24
90,198	3,78	-8,82	1,44
90,252	3,42	-6,66	5,76
90,307	2,7	-3,96	9
90,362	1,44	-0,72	10,62
90,417	0,18	2,7	10,62
90,469	-0,72	6,12	9
90,522	-1,26	9	5,94
90,577	-1,26	11,52	2,16
90,631	-0,54	13,14	-1,98
90,688	0,72	13,86	-5,58
90,74	2,16	13,68	-8,1
90,793	3,6	12,42	-9,18
90,847	5,04	10,62	-8,64
90,898	5,94	8,1	-6,66
90,95	6,12	5,04	-3,6
91,002	5,58	1,62	0,18
91,053	4,5	-1,44	3,96
91,105	2,88	-4,5	7,02
91,158	0,9	-7,02	9,18
91,211	-1,08	-9	9,72
91,267	-2,88	-10,08	8,28
91,326	-4,14	-10,08	5,4
91,379	-4,32	-9,18	1,62
91,435	-3,6	-7,2	-2,7
91,496	-2,16	-4,32	-6,66
91,555	0	-1,08	-9,18
91,612	2,34	2,34	-9,9
91,664	4,32	5,58	-9,18
91,718	5,76	8,46	-6,66
91,772	6,66	10,98	-3,06
91,827	6,66	12,6	1,44
91,877	6,12	13,5	5,4
91,93	4,86	13,5	9
91,98	3,24	12,6	10,98
92,03	1,44	11,16	11,7
92,08	0	9	10,8
92,131	-1,26	6,12	8,46
92,185	-2,16	2,88	4,68
92,237	-2,16	-0,18	0
92,291	-1,62	-3,6	-4,86
92,353	-0,54	-6,48	-8,82
92,413	0,9	-8,64	-10,98
92,471	2,34	-9,9	-11,16
92,528	3,24	-10,08	-9,36
92,584	3,6	-9,18	-5,94
92,64	3,6	-7,38	-1,62
92,695	2,88	-4,86	2,88
92,746	1,98	-1,98	7,02
92,804	0,72	1,62	9,9
92,857	-0,36	4,86	11,16
92,911	-0,9	7,92	10,62
92,966	-1,08	10,62	8,46
93,02	-0,72	12,42	5,04
93,073	0,18	13,32	1,26
93,125	1,62	13,68	-2,7
93,179	3,06	12,78	-6,12
93,232	4,5	11,34	-8,46
93,283	5,4	8,82	-9,36
93,339	5,94	5,94	-8,46
93,391	5,76	2,88	-6,3
93,446	4,68	-0,54	-2,52
93,503	3,06	-3,78	1,44
93,556	1,08	-6,48	5,04
93,611	-0,9	-8,64	7,92
93,667	-2,7	-9,9	9,36
93,722	-3,78	-10,08	9
93,777	-4,14	-9,36	7,02
93,834	-3,78	-7,56	3,6
93,888	-2,34	-5,04	-0,18
93,946	-0,54	-1,98	-4,14
94,005	1,8	1,44	-7,2
94,058	3,78	4,86	-9
94,112	5,58	7,92	-9,18
94,169	6,48	10,44	-7,74
94,223	6,66	12,24	-4,68
94,278	6,12	13,32	-0,72
94,331	4,86	13,32	3,42
94,382	3,24	12,6	7,02
94,435	1,62	10,98	9,72
94,487	0	8,82	11,16
94,54	-1,26	5,94	10,8
94,591	-1,98	2,88	8,82
94,643	-1,98	-0,36	5,22
94,7	-1,44	-3,6	0,9
94,757	-0,36	-6,3	-3,78
94,816	0,9	-8,46	-7,56
94,872	2,16	-9,54	-10,26
94,927	2,88	-9,9	-11,16
94,983	3,42	-9,18	-10,08
95,04	3,42	-7,38	-7,2
95,096	2,7	-4,86	-3,06
95,153	1,8	-1,62	1,98
95,211	0,72	1,44	5,94
95,262	-0,36	4,68	9,18
95,315	-0,9	7,74	11,16
95,369	-1,08	10,26	11,34
95,426	-0,72	12,06	9,54
95,479	0,36	13,14	6,66
95,531	1,62	13,32	2,88
95,583	3,06	12,6	-1,26
95,638	4,5	11,16	-5,22
95,691	5,4	8,82	-7,92
95,745	5,76	6,12	-9,54
95,799	5,58	3,06	-9,36
95,85	4,68	-0,18	-7,56
95,907	3,06	-3,42	-4,14
95,965	0,9	-6,3	-0,18
96,02	-0,9	-8,46	3,78
96,073	-2,52	-9,54	7,02
96,129	-3,78	-9,9	9
96,186	-4,14	-9,18	9,18
96,242	-3,6	-7,38	7,74
96,299	-2,16	-4,86	4,86
96,355	-0,18	-1,8	1,08
96,411	1,98	1,44	-2,52
96,464	3,78	4,68	-5,76
96,517	5,4	7,56	-7,92
96,57	6,3	10,08	-8,82
96,624	6,48	12,06	-8,1
96,681	5,94	13,14	-5,76
96,734	4,86	13,32	-2,34
96,79	3,06	12,42	1,8
96,844	1,44	10,8	5,58
96,898	-0,18	8,46	8,64
96,953	-1,26	5,4	10,26
97,008	-1,8	2,16	10,26
97,064	-1,8	-1,08	8,46
97,121	-1,26	-4,14	5,04
97,177	0	-6,66	1,08
97,23	1,08	-8,46	-3,06
97,285	2,16	-9,54	-7,2
97,343	3,06	-9,54	-9,72
97,399	3,42	-8,64	-10,8
97,453	3,24	-7,02	-9,9
97,51	2,7	-4,5	-7,2
97,567	1,62	-1,26	-3,06
97,624	0,54	1,98	1,08
97,674	-0,36	5,04	5,58
97,73	-0,9	7,92	9
97,785	-1,08	10,44	11,16
97,841	-0,36	12,06	11,52
97,894	0,54	12,96	10,08
97,944	1,98	12,96	7,56
97,997	3,24	12,24	3,78
98,047	4,5	10,8	-0,18
98,1	5,4	8,46	-4,5
98,155	5,76	5,94	-7,56
98,207	5,4	2,7	-9,54
98,261	4,5	-0,18	-9,9
98,315	2,7	-3,6	-8,46
98,373	0,9	-6,12	-5,4
98,43	-1,08	-8,28	-1,08
98,49	-2,7	-9,36	3,06
98,546	-3,78	-9,54	6,66
98,602	-3,78	-8,64	8,82
98,657	-3,24	-6,84	9,54
98,713	-1,8	-4,5	8,28
98,769	0,18	-1,44	5,94
98,823	2,16	1,8	2,52
98,876	3,96	4,68	-0,9
98,929	5,4	7,74	-4,5
98,984	6,3	10,26	-7,2
99,04	6,3	12,06	-8,46
99,092	5,76	12,96	-8,1
99,145	4,5	13,14	-6,3
99,204	2,88	12,24	-3,42
99,257	1,26	10,62	0,54
99,308	-0,18	8,28	4,14
99,363	-1,26	5,22	7,38
99,417	-1,8	1,98	9,36
99,47	-1,8	-1,08	9,9
99,526	-1,08	-4,14	8,64
99,583	0	-6,66	5,76
99,639	1,26	-8,46	2,16
99,692	2,16	-9,36	-1,98
99,748	3,06	-9,54	-5,94
99,805	3,42	-8,64	-9
99,863	3,24	-6,66	-10,26
99,918	2,52	-4,32	-9,9
99,975	1,44	-1,08	-7,56
100,03	0,54	1,98	-4,14
100,082	-0,36	5,22	0,36
100,137	-0,9	7,92	4,68
100,192	-1,08	10,44	8,28
100,249	-0,36	12,06	10,8
100,303	0,72	12,78	11,52
100,355	1,98	12,78	10,62
100,406	3,24	12,06	8,28
100,457	4,5	10,44	5,04
100,507	5,4	8,28	0,9
100,56	5,76	5,76	-3,24
100,614	5,4	2,7	-6,84
100,666	4,32	-0,18	-9,18
100,722	2,88	-3,24	-10,08
100,779	0,9	-5,94	-9,18
100,835	-0,9	-7,92	-6,3
100,896	-2,7	-9,18	-2,34
100,954	-3,6	-9,36	2,16
101,013	-3,78	-8,28	6,12
101,07	-3,06	-6,48	8,64
101,127	-1,62	-3,96	9,54
101,183	0,36	-1,08	8,82
101,238	2,34	1,98	6,84
101,29	4,14	5,04	3,78
101,341	5,4	7,74	0,36
101,391	6,12	9,9	-3,06
101,444	6,3	11,7	-5,94
101,498	5,76	12,78	-7,74
101,552	4,5	12,96	-8,1
101,607	3,06	12,24	-7,02
101,66	1,44	10,62	-4,68
101,713	-0,18	8,28	-1,26
101,77	-1,26	5,22	2,88
101,827	-1,8	1,98	6,12
101,882	-1,8	-1,26	8,46
101,94	-1,08	-4,32	9,36
